year, month, day, hour, minute, second, I total up North [MA], I total down North [MA], I day up North [MA], I day down North [MA], I night up North [MA], I night down North [MA], I total up South [MA], I total down South [MA], I day up South [MA], I day down South [MA], I night up South [MA], I night down South [MA]
2024 05 11 00 00 00    18.08  -18.74   10.42  -10.26    7.66   -8.48   16.32  -16.56    7.10   -6.75    9.22   -9.81
2024 05 11 00 02 00    17.60  -18.04   10.35  -10.22    7.25   -7.82   17.60  -17.79    8.57   -7.95    9.02   -9.84
2024 05 11 00 04 00    19.08  -19.71   10.64  -10.80    8.44   -8.91   18.31  -18.40    8.05   -7.67   10.25  -10.74
2024 05 11 00 06 00    19.62  -19.75   10.86  -10.65    8.77   -9.10   19.13  -19.47    8.99   -8.59   10.13  -10.88
2024 05 11 00 08 00    18.51  -18.91   10.71  -10.61    7.80   -8.30   17.39  -17.49    8.24   -8.00    9.15   -9.50
2024 05 11 00 10 00    18.33  -18.94    9.66   -9.68    8.66   -9.26   17.33  -17.33    7.84   -7.57    9.48   -9.76
2024 05 11 00 12 00    19.86  -19.89   10.33   -9.99    9.53   -9.89   16.55  -16.99    7.96   -7.97    8.59   -9.03
2024 05 11 00 14 00    21.37  -21.77   10.79  -10.35   10.57  -11.42   17.48  -17.94    8.63   -8.67    8.85   -9.27
2024 05 11 00 16 00    23.75  -24.69   12.56  -12.25   11.19  -12.44   21.54  -21.77   12.17  -12.08    9.37   -9.69
2024 05 11 00 18 00    24.93  -25.52   12.94  -12.81   11.99  -12.71   22.00  -22.03   12.35  -12.18    9.65   -9.85
2024 05 11 00 20 00    26.40  -27.21   13.16  -13.33   13.24  -13.88   21.63  -21.89   11.78  -12.08    9.85   -9.81
2024 05 11 00 22 00    27.34  -27.99   13.25  -13.40   14.09  -14.59   21.14  -21.49   11.19  -11.57    9.95   -9.92
2024 05 11 00 24 00    26.90  -27.32   13.02  -13.47   13.88  -13.85   18.84  -19.43    9.11  -10.01    9.73   -9.42
2024 05 11 00 26 00    27.81  -28.48   14.05  -14.97   13.76  -13.51   19.05  -19.58    8.79   -9.89   10.25   -9.69
2024 05 11 00 28 00    28.62  -29.14   14.18  -14.96   14.44  -14.18   19.52  -20.01    9.17  -10.33   10.35   -9.68
2024 05 11 00 30 00    28.62  -29.02   14.46  -15.11   14.16  -13.91   19.85  -19.56    9.87  -10.41    9.98   -9.15
2024 05 11 00 32 00    27.83  -28.31   14.32  -14.91   13.51  -13.40   21.76  -21.88   11.23  -11.99   10.53   -9.89
2024 05 11 00 34 00    26.91  -27.41   13.89  -14.24   13.02  -13.17   21.30  -21.20   11.03  -11.50   10.27   -9.70
2024 05 11 00 36 00    25.93  -25.99   14.39  -14.36   11.54  -11.63   21.10  -21.05   11.10  -11.34   10.00   -9.71
2024 05 11 00 38 00    27.07  -27.32   14.58  -14.65   12.49  -12.68   21.95  -21.93   11.63  -11.95   10.31   -9.98
2024 05 11 00 40 00    27.53  -27.76   14.64  -15.14   12.90  -12.62   20.94  -21.11   10.64  -11.18   10.30   -9.93
2024 05 11 00 42 00    35.22  -35.68   15.04  -15.54   20.19  -20.15   19.31  -19.66    9.28   -9.94   10.03   -9.73
2024 05 11 00 44 00    27.01  -27.59   14.41  -14.99   12.60  -12.60   18.32  -18.70    9.27   -9.96    9.05   -8.74
2024 05 11 00 46 00    25.38  -26.29   12.66  -13.56   12.71  -12.73   18.61  -18.63    9.98  -10.57    8.63   -8.06
2024 05 11 00 48 00    24.87  -25.74   12.20  -12.82   12.67  -12.93   19.97  -20.51   10.15  -11.09    9.81   -9.41
2024 05 11 00 50 00    24.63  -25.29   12.00  -12.61   12.63  -12.68   20.73  -21.33   10.05  -11.00   10.67  -10.33
2024 05 11 00 52 00    25.98  -26.41   12.59  -13.00   13.39  -13.41   22.26  -22.25   10.73  -11.74   11.53  -10.51
2024 05 11 00 54 00    26.32  -26.42   12.92  -13.14   13.40  -13.27   23.09  -23.24   11.68  -12.88   11.41  -10.35
2024 05 11 00 56 00    24.31  -24.33   12.00  -12.37   12.30  -11.96   22.43  -22.68   10.78  -11.92   11.65  -10.76
2024 05 11 00 58 00    25.81  -26.09   13.17  -13.77   12.64  -12.31   22.37  -22.91   10.85  -12.07   11.52  -10.85
2024 05 11 01 00 00    25.10  -25.15   13.17  -13.54   11.93  -11.61   21.85  -22.54   11.02  -12.09   10.83  -10.45
2024 05 11 01 02 00    25.06  -25.26   13.69  -14.31   11.37  -10.95   22.11  -22.90   10.92  -12.08   11.19  -10.81
2024 05 11 01 04 00    23.65  -23.80   13.58  -14.09   10.07   -9.71   22.52  -22.60   11.26  -12.25   11.27  -10.35
2024 05 11 01 06 00    26.94  -26.77   13.94  -14.25   13.00  -12.52   23.79  -24.13   13.02  -14.17   10.76   -9.96
2024 05 11 01 08 00    26.46  -26.13   14.42  -14.52   12.04  -11.60   23.94  -24.42   12.52  -13.64   11.42  -10.77
2024 05 11 01 10 00    27.38  -27.14   15.49  -15.17   11.89  -11.96   24.81  -25.50   12.96  -14.35   11.84  -11.15
2024 05 11 01 12 00    28.11  -27.77   15.57  -15.11   12.54  -12.66   22.73  -23.85   11.35  -13.13   11.38  -10.72
2024 05 11 01 14 00    27.92  -28.02   15.79  -15.56   12.13  -12.46   22.55  -23.81   10.93  -12.54   11.63  -11.27
2024 05 11 01 16 00    29.00  -29.01   15.82  -15.83   13.17  -13.18   22.47  -23.77   10.70  -12.41   11.77  -11.36
2024 05 11 01 18 00    26.89  -27.14   14.80  -15.02   12.09  -12.12   23.03  -24.06   10.69  -12.65   12.34  -11.41
2024 05 11 01 20 00    25.20  -25.21   14.43  -14.57   10.77  -10.65   22.54  -23.68   11.28  -13.23   11.26  -10.45
2024 05 11 01 22 00    25.05  -25.42   14.55  -14.77   10.51  -10.65   23.38  -24.09   11.44  -13.01   11.93  -11.09
2024 05 11 01 24 00    26.20  -26.42   17.26  -17.36    8.95   -9.06   22.64  -23.58   10.75  -12.39   11.90  -11.19
2024 05 11 01 26 00    26.26  -26.35   16.96  -17.50    9.30   -8.85   23.40  -24.36   11.42  -13.13   11.98  -11.24
2024 05 11 01 28 00    29.10  -29.03   18.70  -19.05   10.39   -9.98   21.78  -22.81   10.41  -12.31   11.37  -10.50
2024 05 11 01 30 00    31.83  -31.56   20.00  -20.43   11.83  -11.13   21.89  -23.15   10.72  -12.71   11.17  -10.44
2024 05 11 01 32 00    30.06  -30.29   19.41  -19.89   10.66  -10.41   23.10  -24.03   11.41  -13.26   11.69  -10.76
2024 05 11 01 34 00    29.64  -29.62   18.60  -19.09   11.04  -10.54   22.87  -23.74   11.52  -13.21   11.35  -10.52
2024 05 11 01 36 00    28.37  -28.33   17.66  -18.23   10.71  -10.09   23.14  -23.72   12.00  -13.93   11.14   -9.80
2024 05 11 01 38 00    26.12  -26.21   14.94  -16.12   11.18  -10.09   23.35  -24.53   12.76  -15.00   10.59   -9.53
2024 05 11 01 40 00    26.86  -27.21   16.80  -18.00   10.06   -9.20   25.30  -26.50   14.38  -16.55   10.92   -9.96
2024 05 11 01 42 00    27.11  -27.66   16.47  -17.87   10.65   -9.79   23.67  -25.38   13.06  -15.19   10.61  -10.19
2024 05 11 01 44 00    27.77  -27.87   17.16  -18.22   10.61   -9.65   24.44  -26.71   13.87  -16.44   10.57  -10.28
2024 05 11 01 46 00    26.27  -26.87   16.67  -18.37    9.60   -8.49   25.44  -27.49   14.31  -17.38   11.13  -10.11
2024 05 11 01 48 00    25.93  -26.08   15.99  -17.61    9.94   -8.47   25.34  -27.17   14.29  -17.48   11.05   -9.69
2024 05 11 01 50 00    25.36  -25.65   15.64  -17.54    9.72   -8.10   22.98  -24.66   12.93  -16.30   10.05   -8.36
2024 05 11 01 52 00    25.52  -25.61   15.76  -17.82    9.76   -7.78   22.27  -23.83   12.13  -15.38   10.14   -8.44
2024 05 11 01 54 00    24.14  -24.23   14.99  -17.00    9.15   -7.23   22.79  -24.35   12.36  -15.43   10.42   -8.91
2024 05 11 01 56 00    26.50  -26.59   15.73  -17.74   10.76   -8.85   24.18  -25.58   12.83  -15.85   11.35   -9.73
2024 05 11 01 58 00    29.17  -28.83   17.89  -19.53   11.28   -9.30   22.93  -23.63   11.06  -13.96   11.87   -9.66
2024 05 11 02 00 00    31.05  -30.63   18.16  -19.59   12.89  -11.05   23.21  -23.69   10.35  -12.70   12.85  -10.99
2024 05 11 02 02 00    32.61  -32.33   17.00  -18.10   15.60  -14.23   24.01  -25.00   10.41  -13.02   13.61  -11.98
2024 05 11 02 04 00    31.46  -31.46   16.35  -17.36   15.11  -14.10   23.89  -24.47   10.39  -12.67   13.50  -11.80
2024 05 11 02 06 00    31.30  -31.44   16.29  -17.05   15.01  -14.40   23.96  -24.40   11.05  -13.04   12.92  -11.36
2024 05 11 02 08 00    28.67  -28.67   14.86  -15.33   13.80  -13.33   26.31  -26.90   12.71  -14.83   13.60  -12.07
2024 05 11 02 10 00    27.56  -27.66   15.64  -15.96   11.92  -11.70   27.71  -28.42   14.04  -15.60   13.67  -12.83
2024 05 11 02 12 00    27.38  -27.35   15.66  -15.36   11.71  -12.00   30.64  -31.04   16.29  -17.81   14.36  -13.22
2024 05 11 02 14 00    28.69  -28.66   16.43  -15.66   12.26  -12.99   29.77  -30.11   16.94  -18.20   12.83  -11.91
2024 05 11 02 16 00    28.67  -29.07   17.26  -16.17   11.40  -12.90   26.36  -26.45   14.19  -15.23   12.17  -11.22
2024 05 11 02 18 00    31.01  -31.52   19.04  -17.91   11.97  -13.61   25.64  -25.88   14.30  -15.05   11.34  -10.83
2024 05 11 02 20 00    28.20  -28.57   16.82  -15.66   11.38  -12.91   27.44  -27.84   15.75  -16.62   11.70  -11.21
2024 05 11 02 22 00    28.49  -28.60   16.37  -14.94   12.12  -13.65   24.77  -25.09   14.63  -15.11   10.13   -9.98
2024 05 11 02 24 00    28.53  -28.66   15.71  -14.56   12.82  -14.10   25.90  -26.06   16.28  -16.68    9.62   -9.39
2024 05 11 02 26 00    29.30  -29.02   16.99  -15.68   12.31  -13.34   25.25  -25.38   15.53  -15.94    9.72   -9.44
2024 05 11 02 28 00    29.01  -28.74   16.92  -15.46   12.09  -13.29   23.71  -23.60   15.02  -15.49    8.69   -8.11
2024 05 11 02 30 00    29.00  -28.88   16.14  -15.06   12.86  -13.82   20.66  -20.69   13.29  -13.86    7.37   -6.82
2024 05 11 02 32 00    28.07  -27.71   15.37  -14.39   12.69  -13.32   21.16  -21.03   12.72  -13.66    8.44   -7.37
2024 05 11 02 34 00    26.51  -26.18   14.20  -13.00   12.32  -13.18   21.31  -21.25   13.14  -14.24    8.17   -7.01
2024 05 11 02 36 00    27.48  -26.87   13.49  -12.19   13.99  -14.68   21.51  -21.13   12.60  -13.62    8.91   -7.51
2024 05 11 02 38 00    26.38  -25.95   13.13  -12.12   13.25  -13.82   21.74  -21.52   12.22  -13.41    9.52   -8.11
2024 05 11 02 40 00    27.63  -26.95   13.57  -12.59   14.06  -14.36   23.19  -22.68   13.19  -13.79   10.00   -8.90
2024 05 11 02 42 00    27.53  -27.18   13.14  -12.73   14.39  -14.45   23.55  -22.83   13.61  -13.75    9.94   -9.08
2024 05 11 02 44 00    27.77  -27.30   14.62  -14.11   13.15  -13.19   23.09  -22.48   13.13  -13.33    9.96   -9.15
2024 05 11 02 46 00    26.15  -25.72   13.93  -13.23   12.22  -12.49   21.04  -20.92   11.98  -12.46    9.06   -8.46
2024 05 11 02 48 00    25.73  -25.55   13.45  -12.94   12.28  -12.61   21.76  -21.71   11.99  -12.61    9.77   -9.10
2024 05 11 02 50 00    24.40  -24.05   13.43  -13.28   10.98  -10.77   21.21  -21.08   11.41  -12.43    9.80   -8.65
2024 05 11 02 52 00    23.96  -23.76   13.20  -13.27   10.76  -10.49   20.76  -20.59   11.30  -12.27    9.46   -8.33
2024 05 11 02 54 00    25.70  -25.57   13.88  -14.24   11.82  -11.33   21.39  -21.07   12.41  -13.08    8.98   -7.99
2024 05 11 02 56 00    25.93  -25.62   13.94  -14.51   11.99  -11.11   21.51  -21.00   12.36  -12.79    9.16   -8.21
2024 05 11 02 58 00    28.86  -28.53   16.28  -16.78   12.58  -11.75   21.31  -20.75   11.40  -11.73    9.91   -9.02
2024 05 11 03 00 00    29.95  -29.61   17.21  -17.94   12.75  -11.66   21.23  -20.72   11.75  -12.27    9.49   -8.45
2024 05 11 03 02 00    27.97  -27.56   15.44  -16.21   12.52  -11.35   22.87  -21.89   13.17  -13.39    9.70   -8.50
2024 05 11 03 04 00    28.42  -27.56   15.90  -16.63   12.52  -10.93   23.20  -22.15   13.29  -13.49    9.91   -8.66
2024 05 11 03 06 00    29.28  -28.68   15.13  -16.44   14.14  -12.24   23.05  -22.02   12.82  -13.11   10.23   -8.91
2024 05 11 03 08 00    26.24  -25.86   14.38  -15.92   11.87   -9.94   23.02  -22.37   12.81  -13.47   10.21   -8.89
2024 05 11 03 10 00    26.51  -25.67   14.74  -15.70   11.77   -9.97   22.44  -21.78   12.58  -13.44    9.86   -8.34
2024 05 11 03 12 00    25.62  -24.85   13.38  -14.50   12.24  -10.35   18.27  -17.82    9.52  -10.18    8.76   -7.64
2024 05 11 03 14 00    24.66  -24.04   12.75  -13.97   11.91  -10.08   17.89  -17.80    9.26  -10.09    8.63   -7.71
2024 05 11 03 16 00    21.42  -21.06   11.63  -12.57    9.79   -8.49   17.50  -16.95    9.56  -10.03    7.94   -6.92
2024 05 11 03 18 00    21.97  -21.66   11.33  -12.54   10.64   -9.11   16.56  -16.41    9.04   -9.66    7.52   -6.75
2024 05 11 03 20 00    20.06  -19.16   10.83  -11.94    9.23   -7.22   15.15  -14.59    7.29   -8.05    7.86   -6.54
2024 05 11 03 22 00    19.58  -18.92   10.80  -11.96    8.78   -6.97   14.37  -14.24    7.06   -8.10    7.31   -6.14
2024 05 11 03 24 00    18.61  -17.98   10.21  -11.57    8.41   -6.40   13.35  -13.31    6.68   -7.82    6.67   -5.49
2024 05 11 03 26 00    17.07  -16.15    9.91  -11.29    7.15   -4.86   13.79  -13.30    7.23   -8.04    6.56   -5.26
2024 05 11 03 28 00    17.05  -16.35   10.20  -11.50    6.86   -4.85   13.60  -13.37    6.72   -7.58    6.88   -5.79
2024 05 11 03 30 00    17.01  -16.18   10.09  -11.34    6.92   -4.84   15.31  -14.94    8.18   -8.74    7.13   -6.20
2024 05 11 03 32 00    17.74  -17.12   10.39  -11.67    7.35   -5.46   15.76  -15.25    8.28   -8.93    7.49   -6.32
2024 05 11 03 34 00    18.32  -17.73   11.09  -12.35    7.23   -5.38   15.62  -15.28    8.16   -8.98    7.46   -6.30
2024 05 11 03 36 00    19.21  -18.70   11.71  -12.67    7.50   -6.03   13.75  -13.92    7.10   -8.28    6.64   -5.64
2024 05 11 03 38 00    20.08  -19.67   12.68  -13.73    7.40   -5.94   14.49  -14.17    7.41   -8.53    7.08   -5.65
2024 05 11 03 40 00    19.70  -19.37   12.81  -13.88    6.89   -5.49   13.40  -12.79    6.69   -7.69    6.71   -5.10
2024 05 11 03 42 00    20.11  -19.55   13.14  -14.16    6.97   -5.39   13.19  -12.95    6.39   -7.76    6.81   -5.19
2024 05 11 03 44 00    21.00  -20.33   13.32  -14.47    7.68   -5.86   14.00  -13.73    7.07   -8.50    6.93   -5.23
2024 05 11 03 46 00    20.00  -19.55   12.54  -13.72    7.46   -5.84   14.33  -14.37    7.35   -8.97    6.99   -5.40
2024 05 11 03 48 00    20.16  -19.55   11.83  -12.78    8.34   -6.76   14.37  -14.13    7.30   -8.90    7.07   -5.24
2024 05 11 03 50 00    20.76  -20.69   11.72  -13.03    9.05   -7.66   15.09  -15.25    7.67   -9.34    7.41   -5.91
2024 05 11 03 52 00    19.92  -19.83   11.53  -12.74    8.40   -7.09   14.85  -15.07    7.52   -9.49    7.34   -5.59
2024 05 11 03 54 00    20.00  -19.87   11.50  -12.75    8.50   -7.12   15.50  -15.43    8.36  -10.22    7.14   -5.21
2024 05 11 03 56 00    20.16  -20.34   11.29  -12.87    8.88   -7.47   15.75  -15.49    8.58  -10.41    7.17   -5.09
2024 05 11 03 58 00    18.87  -18.61   11.34  -12.73    7.53   -5.88   15.81  -15.46    8.58  -10.17    7.23   -5.30
2024 05 11 04 00 00    19.31  -19.01   11.46  -13.08    7.84   -5.93   15.39  -15.55    8.36  -10.38    7.04   -5.17
2024 05 11 04 02 00    19.94  -19.58   11.23  -12.58    8.72   -7.01   15.14  -15.36    8.54  -10.51    6.60   -4.85
2024 05 11 04 04 00    19.58  -19.62   11.36  -12.88    8.22   -6.73   15.28  -15.69    8.33   -9.97    6.96   -5.73
2024 05 11 04 06 00    19.84  -19.74   11.28  -12.72    8.55   -7.02   14.24  -14.40    7.65   -9.29    6.59   -5.11
2024 05 11 04 08 00    19.18  -19.16   11.29  -12.54    7.89   -6.62   14.74  -14.41    7.85   -9.14    6.90   -5.27
2024 05 11 04 10 00    20.61  -20.45   12.55  -13.53    8.06   -6.92   15.49  -15.42    8.40   -9.75    7.09   -5.68
2024 05 11 04 12 00    20.89  -20.36   12.74  -13.67    8.15   -6.69   17.08  -16.82    9.19  -10.72    7.88   -6.10
2024 05 11 04 14 00    21.74  -21.32   13.34  -14.65    8.39   -6.68   17.13  -16.94    8.87  -10.73    8.26   -6.22
2024 05 11 04 16 00    22.37  -21.82   13.57  -15.02    8.80   -6.80   17.70  -17.82    8.96  -10.86    8.74   -6.96
2024 05 11 04 18 00    22.53  -22.10   14.02  -15.54    8.51   -6.56   17.88  -17.38    9.19  -10.74    8.69   -6.64
2024 05 11 04 20 00    22.26  -21.93   13.50  -15.26    8.76   -6.67   18.27  -17.78    9.27  -10.90    9.00   -6.88
2024 05 11 04 22 00    23.24  -23.14   14.12  -15.83    9.13   -7.31   19.38  -19.33   10.55  -12.13    8.83   -7.20
2024 05 11 04 24 00    23.47  -23.18   14.05  -15.37    9.42   -7.81   18.89  -18.62   10.88  -12.71    8.01   -5.91
2024 05 11 04 26 00    24.75  -24.30   14.40  -15.58   10.35   -8.73   19.45  -19.17   11.20  -12.93    8.25   -6.24
2024 05 11 04 28 00    24.50  -23.90   13.85  -14.92   10.65   -8.99   19.64  -19.21   11.12  -13.03    8.52   -6.18
2024 05 11 04 30 00    24.54  -23.60   14.32  -15.30   10.21   -8.30   19.07  -18.56   10.38  -11.97    8.69   -6.59
2024 05 11 04 32 00    24.84  -24.09   14.81  -15.74   10.03   -8.35   20.25  -19.74   11.42  -13.12    8.83   -6.63
2024 05 11 04 34 00    23.66  -22.99   14.25  -15.34    9.41   -7.65   18.64  -18.14    9.85  -11.22    8.80   -6.92
2024 05 11 04 36 00    23.08  -22.70   14.22  -15.33    8.86   -7.37   18.30  -18.14    9.57  -11.36    8.73   -6.78
2024 05 11 04 38 00    23.56  -23.36   14.59  -16.31    8.98   -7.05   18.00  -17.85    9.49  -11.25    8.51   -6.59
2024 05 11 04 40 00    24.27  -24.33   15.29  -17.23    8.99   -7.10   17.64  -17.40    9.40  -11.04    8.24   -6.35
2024 05 11 04 42 00    24.20  -24.04   15.33  -17.15    8.87   -6.89   18.23  -18.12    9.49  -11.52    8.74   -6.60
2024 05 11 04 44 00    23.83  -23.76   14.76  -17.06    9.06   -6.70   18.40  -18.07    9.10  -11.29    9.29   -6.79
2024 05 11 04 46 00    23.95  -23.74   14.65  -16.60    9.30   -7.14   18.46  -17.85    9.17  -10.75    9.29   -7.09
2024 05 11 04 48 00    23.52  -23.34   14.25  -16.05    9.27   -7.29   18.72  -18.10   10.27  -11.71    8.44   -6.39
2024 05 11 04 50 00    23.43  -23.13   13.25  -15.02   10.18   -8.10   17.60  -16.93    9.54  -10.81    8.06   -6.12
2024 05 11 04 52 00    23.53  -22.95   13.86  -15.45    9.67   -7.50   17.71  -17.61   10.29  -11.40    7.42   -6.21
2024 05 11 04 54 00    23.55  -23.07   14.16  -15.76    9.39   -7.31   15.18  -14.86    8.46   -9.77    6.72   -5.08
2024 05 11 04 56 00    20.98  -20.62   13.07  -14.77    7.91   -5.85   14.84  -14.86    8.17   -9.74    6.67   -5.13
2024 05 11 04 58 00    20.72  -20.50   12.66  -14.47    8.05   -6.02   14.87  -15.38    8.07   -9.90    6.80   -5.48
2024 05 11 05 00 00    20.62  -20.33   12.63  -14.43    7.99   -5.90   14.25  -14.39    7.81   -9.60    6.44   -4.79
2024 05 11 05 02 00    20.31  -20.18   12.68  -14.58    7.63   -5.60   15.17  -15.83    8.55  -10.40    6.61   -5.44
2024 05 11 05 04 00    20.58  -20.27   12.88  -14.62    7.71   -5.65   14.40  -14.82    8.10   -9.73    6.30   -5.09
2024 05 11 05 06 00    20.88  -20.66   12.89  -14.62    7.99   -6.04   13.90  -14.48    7.87   -9.34    6.03   -5.14
2024 05 11 05 08 00    19.91  -19.89   11.78  -13.81    8.13   -6.09   14.72  -15.24    8.13   -9.44    6.59   -5.80
2024 05 11 05 10 00    19.21  -19.18   11.32  -13.48    7.89   -5.70   13.95  -14.22    8.36   -9.81    5.59   -4.41
2024 05 11 05 12 00    18.38  -18.31   10.31  -12.66    8.08   -5.64   13.36  -13.08    7.50   -9.03    5.86   -4.05
2024 05 11 05 14 00    18.82  -18.61   10.96  -12.96    7.86   -5.65   13.95  -13.99    7.91   -9.22    6.04   -4.77
2024 05 11 05 16 00    17.85  -17.41   10.15  -12.21    7.70   -5.20   13.81  -13.84    7.95   -9.15    5.86   -4.69
2024 05 11 05 18 00    18.93  -18.28   10.96  -12.59    7.97   -5.69   14.38  -14.03    8.11   -9.05    6.28   -4.98
2024 05 11 05 20 00    19.12  -18.75   11.63  -13.33    7.49   -5.42   14.29  -14.45    7.58   -8.39    6.71   -6.06
2024 05 11 05 22 00    19.23  -18.63   11.52  -12.84    7.71   -5.80   14.65  -15.28    8.03   -9.04    6.62   -6.24
2024 05 11 05 24 00    17.67  -17.01   11.29  -12.47    6.38   -4.54   14.00  -14.68    7.72   -8.69    6.28   -5.99
2024 05 11 05 26 00    17.19  -17.10   11.67  -12.81    5.51   -4.29   14.18  -15.02    7.75   -8.73    6.42   -6.29
2024 05 11 05 28 00    17.68  -17.54   12.33  -13.49    5.35   -4.05   13.59  -14.23    7.50   -8.68    6.09   -5.55
2024 05 11 05 30 00    16.33  -16.18   11.24  -12.25    5.10   -3.93   12.83  -13.59    6.56   -7.40    6.27   -6.19
2024 05 11 05 32 00    16.48  -16.52   10.72  -12.12    5.76   -4.40   12.93  -13.30    6.98   -7.68    5.95   -5.63
2024 05 11 05 34 00    17.63  -17.53   11.39  -12.66    6.24   -4.88   12.54  -12.95    7.01   -7.72    5.53   -5.22
2024 05 11 05 36 00    16.69  -16.24   10.13  -11.18    6.56   -5.05   11.51  -11.75    6.28   -7.05    5.23   -4.70
2024 05 11 05 38 00    16.76  -16.28   10.08  -11.31    6.67   -4.98   11.82  -11.97    6.52   -7.12    5.30   -4.85
2024 05 11 05 40 00    17.24  -16.75   10.26  -11.38    6.98   -5.37   11.68  -12.08    6.46   -6.97    5.22   -5.11
2024 05 11 05 42 00    17.00  -16.56    9.93  -11.11    7.07   -5.45   12.11  -12.03    6.69   -7.21    5.42   -4.82
2024 05 11 05 44 00    16.13  -15.84    9.25  -10.33    6.88   -5.52   12.52  -12.86    7.02   -7.68    5.49   -5.19
2024 05 11 05 46 00    16.58  -16.68   10.01  -11.43    6.57   -5.24   13.42  -13.63    7.55   -8.24    5.87   -5.39
2024 05 11 05 48 00    17.83  -17.71   10.17  -11.21    7.66   -6.50   15.60  -15.33    9.09   -9.41    6.51   -5.92
2024 05 11 05 50 00    18.05  -17.79   10.91  -11.74    7.13   -6.06   15.85  -15.47    9.21   -9.46    6.64   -6.01
2024 05 11 05 52 00    18.98  -18.74   11.70  -12.32    7.28   -6.42   16.35  -16.07    9.40   -9.41    6.95   -6.67
2024 05 11 05 54 00    21.02  -20.80   11.93  -12.75    9.08   -8.05   16.41  -16.06    9.32   -9.27    7.09   -6.78
2024 05 11 05 56 00    20.76  -20.48   11.76  -12.74    9.01   -7.73   17.14  -16.52    9.78   -9.66    7.36   -6.86
2024 05 11 05 58 00    20.34  -20.19   12.32  -13.29    8.02   -6.90   18.06  -17.54   10.22  -10.16    7.85   -7.39
2024 05 11 06 00 00    20.30  -19.82   11.58  -12.53    8.72   -7.30   17.85  -17.07    9.98   -9.89    7.87   -7.18
2024 05 11 06 02 00    21.51  -21.48   11.37  -12.67   10.14   -8.81   18.49  -17.89   10.34  -10.21    8.15   -7.68
2024 05 11 06 04 00    21.88  -21.46   11.93  -12.92    9.95   -8.53   16.13  -15.78    8.87   -8.75    7.26   -7.03
2024 05 11 06 06 00    22.85  -22.61   12.53  -13.37   10.32   -9.25   17.17  -16.41    9.04   -8.99    8.13   -7.43
2024 05 11 06 08 00    22.78  -22.83   12.46  -13.32   10.32   -9.51   18.73  -18.02    9.39   -9.37    9.34   -8.65
2024 05 11 06 10 00    21.14  -21.32   12.35  -13.01    8.78   -8.31   19.17  -18.21    9.46   -9.36    9.71   -8.85
2024 05 11 06 12 00    19.47  -19.05   12.41  -13.04    7.06   -6.01   18.92  -18.36    8.83   -8.90   10.09   -9.46
2024 05 11 06 14 00    18.24  -18.18   11.20  -11.92    7.04   -6.26   20.31  -19.99   10.04   -9.92   10.27  -10.07
2024 05 11 06 16 00    17.35  -17.80   10.31  -11.21    7.03   -6.58   17.50  -16.73    7.27   -6.92   10.23   -9.81
2024 05 11 06 18 00    17.21  -17.33   10.04  -10.54    7.16   -6.78   17.63  -16.87    7.80   -7.38    9.83   -9.50
2024 05 11 06 20 00    19.61  -19.49   11.34  -11.60    8.26   -7.89   17.46  -16.73    8.04   -7.31    9.42   -9.42
2024 05 11 06 22 00    20.19  -20.10   10.22  -10.77    9.97   -9.33   18.53  -17.07    8.06   -7.28   10.47   -9.79
2024 05 11 06 24 00    20.98  -20.89   10.61  -11.13   10.37   -9.76   19.44  -18.07    8.23   -7.39   11.22  -10.68
2024 05 11 06 26 00    20.19  -20.17   10.33  -10.53    9.86   -9.64   20.34  -19.22    9.12   -7.85   11.23  -11.37
2024 05 11 06 28 00    21.94  -21.68   11.20  -10.70   10.74  -10.98   20.74  -19.76    9.34   -7.90   11.41  -11.86
2024 05 11 06 30 00    18.15  -18.31   10.13   -9.76    8.02   -8.55   21.13  -20.67    9.74   -8.36   11.40  -12.31
2024 05 11 06 32 00    17.23  -17.04   10.63   -9.86    6.60   -7.18   19.67  -19.16    9.25   -7.69   10.42  -11.48
2024 05 11 06 34 00    18.62  -18.61   10.59   -9.73    8.03   -8.88   20.66  -20.08    9.85   -7.98   10.81  -12.09
2024 05 11 06 36 00    18.36  -18.36   11.22  -10.68    7.14   -7.68   20.05  -18.80   10.19   -7.97    9.86  -10.83
2024 05 11 06 38 00    20.69  -20.51   13.53  -12.63    7.16   -7.88   20.98  -19.69   10.36   -8.15   10.62  -11.54
2024 05 11 06 40 00    22.08  -22.00   14.16  -13.19    7.92   -8.81   22.06  -20.51   10.44   -7.94   11.62  -12.57
2024 05 11 06 42 00    23.40  -23.56   15.28  -14.55    8.12   -9.00   22.23  -20.59   10.81   -8.09   11.43  -12.49
2024 05 11 06 44 00    23.93  -24.18   15.79  -15.19    8.14   -8.99   23.12  -21.50   11.99   -9.33   11.13  -12.17
2024 05 11 06 46 00    22.00  -22.31   14.56  -13.90    7.44   -8.40   24.33  -22.60   11.56   -8.78   12.76  -13.82
2024 05 11 06 48 00    22.91  -22.81   15.10  -14.19    7.81   -8.62   23.34  -21.53   11.73   -8.99   11.61  -12.54
2024 05 11 06 50 00    25.51  -25.46   16.25  -15.81    9.26   -9.64   24.95  -22.94   12.70  -10.01   12.25  -12.93
2024 05 11 06 52 00    27.33  -27.35   16.63  -16.11   10.70  -11.25   27.38  -25.35   13.62  -11.18   13.76  -14.16
2024 05 11 06 54 00    24.87  -24.46   15.21  -14.76    9.66   -9.71   26.27  -24.86   12.41  -10.36   13.87  -14.50
2024 05 11 06 56 00    28.38  -28.23   18.20  -17.81   10.18  -10.43   26.08  -24.79   12.40  -10.53   13.68  -14.26
2024 05 11 06 58 00    30.33  -30.29   18.49  -18.21   11.83  -12.09   31.45  -30.26   15.35  -13.85   16.09  -16.40
2024 05 11 07 00 00    27.77  -27.53   17.40  -17.23   10.36  -10.30   33.68  -31.55   16.97  -14.97   16.71  -16.58
2024 05 11 07 02 00    28.68  -28.51   17.15  -17.27   11.53  -11.24   30.72  -28.80   16.06  -14.61   14.66  -14.19
2024 05 11 07 04 00    29.18  -29.11   16.98  -17.69   12.21  -11.42   31.15  -29.76   16.28  -15.59   14.87  -14.18
2024 05 11 07 06 00    26.14  -25.84   15.59  -16.37   10.55   -9.47   29.20  -27.65   14.98  -14.28   14.22  -13.37
2024 05 11 07 08 00    25.37  -25.28   14.58  -15.68   10.79   -9.60   29.41  -28.18   15.49  -15.08   13.92  -13.10
2024 05 11 07 10 00    27.46  -27.98   16.83  -17.63   10.63  -10.35   30.09  -28.36   15.03  -14.74   15.06  -13.62
2024 05 11 07 12 00    28.63  -29.05   17.26  -18.14   11.37  -10.90   30.59  -28.93   16.59  -16.56   14.00  -12.36
2024 05 11 07 14 00    29.59  -30.04   17.49  -18.17   12.10  -11.87   32.60  -30.41   17.09  -17.68   15.51  -12.73
2024 05 11 07 16 00    30.55  -30.47   17.99  -18.59   12.55  -11.88   32.07  -30.00   16.64  -17.71   15.43  -12.29
2024 05 11 07 18 00    30.22  -30.14   18.25  -18.66   11.97  -11.48   30.10  -28.52   15.78  -17.41   14.32  -11.11
2024 05 11 07 20 00    29.84  -29.36   17.07  -18.14   12.77  -11.22   29.04  -27.51   15.20  -17.64   13.84   -9.87
2024 05 11 07 22 00    30.52  -30.44   18.04  -19.40   12.48  -11.04   29.71  -28.44   15.39  -17.72   14.32  -10.72
2024 05 11 07 24 00    30.62  -30.58   18.58  -19.78   12.04  -10.79   30.62  -29.04   15.73  -18.16   14.89  -10.88
2024 05 11 07 26 00    28.54  -28.93   18.00  -19.44   10.54   -9.49   31.60  -29.36   17.31  -19.55   14.29   -9.80
2024 05 11 07 28 00    29.37  -29.61   18.86  -20.33   10.50   -9.28   31.04  -29.34   16.74  -19.70   14.30   -9.64
2024 05 11 07 30 00    28.85  -29.05   18.36  -19.80   10.48   -9.25   30.14  -29.13   15.51  -18.93   14.63  -10.20
2024 05 11 07 32 00    27.04  -27.08   16.25  -17.46   10.79   -9.62   30.46  -29.57   15.53  -19.08   14.93  -10.49
2024 05 11 07 34 00    26.57  -26.86   15.89  -17.14   10.68   -9.72   27.09  -26.16   12.64  -16.78   14.45   -9.39
2024 05 11 07 36 00    25.26  -25.37   15.24  -16.48   10.02   -8.88   26.72  -25.07   12.37  -16.27   14.35   -8.81
2024 05 11 07 38 00    26.28  -26.11   17.14  -17.95    9.14   -8.16   24.36  -23.64   10.80  -15.32   13.56   -8.32
2024 05 11 07 40 00    28.38  -28.19   18.44  -19.58    9.94   -8.61   27.08  -25.30   13.26  -16.94   13.81   -8.35
2024 05 11 07 42 00    27.90  -27.51   18.46  -19.50    9.43   -8.01   26.91  -25.81   13.22  -17.21   13.70   -8.59
2024 05 11 07 44 00    27.44  -27.50   18.08  -19.30    9.36   -8.20   26.39  -25.89   13.44  -17.33   12.95   -8.56
2024 05 11 07 46 00    26.41  -26.69   17.19  -18.37    9.22   -8.32   26.30  -26.26   13.38  -17.41   12.92   -8.86
2024 05 11 07 48 00    26.67  -26.48   17.59  -18.24    9.07   -8.24   25.69  -25.29   12.58  -16.53   13.11   -8.76
2024 05 11 07 50 00    27.02  -26.88   18.64  -18.93    8.38   -7.95   26.47  -26.39   13.24  -17.56   13.23   -8.83
2024 05 11 07 52 00    25.33  -25.42   17.45  -17.77    7.89   -7.65   28.65  -28.34   14.66  -19.27   13.99   -9.07
2024 05 11 07 54 00    23.08  -23.16   15.43  -15.88    7.65   -7.28   26.01  -26.04   12.70  -17.40   13.31   -8.64
2024 05 11 07 56 00    23.36  -23.67   14.89  -16.11    8.47   -7.56   25.09  -25.42   12.15  -16.65   12.95   -8.77
2024 05 11 07 58 00    22.11  -22.71   13.18  -15.04    8.93   -7.67   23.83  -23.91   11.06  -15.20   12.77   -8.71
2024 05 11 08 00 00    21.72  -22.26   12.50  -14.33    9.22   -7.94   21.26  -21.63    9.62  -13.57   11.64   -8.06
2024 05 11 08 02 00    21.84  -22.32   12.81  -14.62    9.03   -7.70   18.96  -19.26    8.14  -11.62   10.82   -7.64
2024 05 11 08 04 00    21.74  -22.16   12.69  -14.36    9.05   -7.81   17.56  -18.37    7.63  -11.04    9.92   -7.33
2024 05 11 08 06 00    20.17  -20.68   12.20  -13.54    7.97   -7.14   18.42  -18.44    7.76  -11.06   10.66   -7.38
2024 05 11 08 08 00    20.56  -20.93   12.17  -13.55    8.39   -7.38   19.10  -19.17    8.97  -12.05   10.13   -7.12
2024 05 11 08 10 00    19.91  -20.03   11.55  -12.60    8.36   -7.43   19.37  -18.48    8.99  -11.50   10.38   -6.98
2024 05 11 08 12 00    21.07  -21.26   12.60  -13.59    8.47   -7.67   18.93  -18.65    9.02  -11.70    9.90   -6.96
2024 05 11 08 14 00    20.62  -20.86   12.43  -13.19    8.19   -7.67   19.37  -18.82    9.61  -11.64    9.76   -7.18
2024 05 11 08 16 00    22.71  -22.81   13.93  -14.49    8.78   -8.32   18.81  -18.34    9.12  -11.13    9.69   -7.21
2024 05 11 08 18 00    23.95  -23.93   14.80  -15.20    9.15   -8.73   20.49  -19.94   10.20  -12.18   10.30   -7.76
2024 05 11 08 20 00    23.46  -23.45   14.10  -14.60    9.36   -8.85   19.67  -19.05    9.37  -11.73   10.30   -7.32
2024 05 11 08 22 00    23.25  -23.42   14.79  -15.11    8.46   -8.31   19.55  -18.60    9.53  -11.75   10.02   -6.85
2024 05 11 08 24 00    23.04  -23.44   14.53  -15.40    8.51   -8.04   18.06  -17.69    9.02  -11.64    9.05   -6.05
2024 05 11 08 26 00    21.84  -22.39   14.05  -14.88    7.79   -7.51   18.92  -18.82    9.67  -12.47    9.25   -6.35
2024 05 11 08 28 00    24.31  -24.54   15.66  -16.07    8.65   -8.47   19.62  -20.01   10.17  -13.15    9.45   -6.87
2024 05 11 08 30 00    23.59  -24.23   14.59  -15.22    9.00   -9.00   19.10  -19.17    9.61  -12.49    9.49   -6.69
2024 05 11 08 32 00    22.14  -22.29   13.48  -14.08    8.66   -8.22   19.75  -20.23    9.90  -12.83    9.85   -7.40
2024 05 11 08 34 00    22.04  -22.66   13.10  -13.53    8.94   -9.13   19.28  -19.61    9.39  -12.12    9.89   -7.48
2024 05 11 08 36 00    24.35  -24.91   12.56  -12.86   11.80  -12.06   19.14  -19.37    8.90  -11.25   10.24   -8.11
2024 05 11 08 38 00    22.38  -23.04   11.24  -11.59   11.13  -11.45   17.70  -17.39    8.15   -9.98    9.55   -7.41
2024 05 11 08 40 00    25.71  -26.72   11.65  -12.35   14.06  -14.37   18.49  -18.22    7.86   -9.59   10.63   -8.63
2024 05 11 08 42 00    24.83  -25.82   10.94  -11.44   13.89  -14.38   19.50  -19.00    7.56   -8.97   11.94  -10.03
2024 05 11 08 44 00    24.98  -26.23   11.01  -11.49   13.97  -14.75   20.68  -19.98    7.61   -8.62   13.07  -11.36
2024 05 11 08 46 00    25.54  -26.58   12.17  -12.40   13.37  -14.18   21.20  -20.05    8.11   -9.12   13.09  -10.94
2024 05 11 08 48 00    24.27  -25.44   11.84  -12.04   12.43  -13.40   23.56  -22.02    9.71  -10.66   13.84  -11.35
2024 05 11 08 50 00    23.30  -24.46   11.81  -11.74   11.49  -12.72   24.07  -22.70   10.57  -11.26   13.50  -11.45
2024 05 11 08 52 00    23.05  -23.81   11.98  -11.82   11.07  -11.99   24.60  -23.29   11.25  -11.91   13.35  -11.39
2024 05 11 08 54 00    24.14  -25.09   14.11  -13.95   10.03  -11.14   23.27  -21.44   10.72  -11.00   12.55  -10.44
2024 05 11 08 56 00    25.38  -26.39   14.46  -14.29   10.91  -12.11   23.26  -21.75   10.33  -10.57   12.93  -11.18
2024 05 11 08 58 00    25.07  -25.90   13.57  -13.44   11.49  -12.47   22.22  -20.49   10.19  -10.37   12.03  -10.13
2024 05 11 09 00 00    25.99  -26.73   14.20  -14.14   11.79  -12.59   21.98  -21.04    9.46   -9.99   12.52  -11.05
2024 05 11 09 02 00    24.31  -25.45   13.76  -14.03   10.55  -11.42   21.06  -19.95    9.35   -9.57   11.72  -10.38
2024 05 11 09 04 00    22.75  -23.79   12.83  -12.94    9.92  -10.85   21.06  -19.40    9.63   -9.75   11.43   -9.65
2024 05 11 09 06 00    20.93  -21.77   12.73  -13.30    8.20   -8.47   17.77  -16.73    7.54   -8.16   10.23   -8.57
2024 05 11 09 08 00    22.02  -22.76   13.18  -13.43    8.83   -9.33   18.81  -17.47    8.30   -8.79   10.51   -8.68
2024 05 11 09 10 00    20.30  -20.77   12.64  -12.92    7.65   -7.85   17.92  -16.90    8.45   -9.40    9.48   -7.50
2024 05 11 09 12 00    19.45  -19.98   12.36  -12.76    7.08   -7.21   18.04  -16.96    8.46   -9.33    9.58   -7.63
2024 05 11 09 14 00    20.55  -21.12   13.03  -13.42    7.52   -7.71   19.00  -17.91    8.61   -9.70   10.39   -8.20
2024 05 11 09 16 00    21.33  -21.64   13.51  -13.76    7.82   -7.88   21.31  -20.02    8.93   -9.81   12.38  -10.21
2024 05 11 09 18 00    22.37  -22.25   13.74  -13.71    8.63   -8.54   20.95  -19.97    9.44  -10.12   11.51   -9.85
2024 05 11 09 20 00    22.48  -22.54   14.24  -14.25    8.24   -8.29   20.82  -19.91    9.55  -10.52   11.26   -9.39
2024 05 11 09 22 00    21.62  -21.82   13.47  -13.77    8.15   -8.05   19.63  -18.49    9.59  -10.46   10.05   -8.04
2024 05 11 09 24 00    21.37  -21.10   13.16  -13.34    8.21   -7.76   17.64  -16.72    8.90   -9.88    8.73   -6.84
2024 05 11 09 26 00    19.44  -19.18   12.51  -12.85    6.93   -6.33   17.06  -15.57    8.29   -9.46    8.76   -6.11
2024 05 11 09 28 00    19.54  -19.66   12.26  -12.76    7.28   -6.90   16.86  -15.36    8.35   -9.64    8.51   -5.72
2024 05 11 09 30 00    20.59  -20.88   13.04  -13.46    7.55   -7.42   18.06  -16.39    8.96  -10.26    9.10   -6.13
2024 05 11 09 32 00    23.30  -22.81   15.00  -15.28    8.30   -7.54   22.29  -19.56   11.00  -11.42   11.29   -8.15
2024 05 11 09 34 00    23.84  -23.60   14.97  -15.53    8.87   -8.07   23.41  -20.65   11.76  -12.74   11.64   -7.91
2024 05 11 09 36 00    24.59  -24.46   15.98  -16.08    8.61   -8.38   23.44  -20.12   11.25  -12.31   12.19   -7.81
2024 05 11 09 38 00    23.24  -23.52   15.67  -15.95    7.57   -7.57   25.49  -21.51   12.57  -13.65   12.92   -7.86
2024 05 11 09 40 00    25.48  -25.42   17.49  -18.02    7.99   -7.40   23.75  -19.18   12.38  -13.33   11.37   -5.85
2024 05 11 09 42 00    25.25  -25.20   16.69  -17.70    8.56   -7.51   23.74  -19.95   12.01  -14.48   11.73   -5.47
2024 05 11 09 44 00    26.61  -26.73   17.22  -18.69    9.38   -8.04   23.71  -20.27   11.97  -14.34   11.74   -5.92
2024 05 11 09 46 00    27.03  -26.74   17.20  -18.87    9.82   -7.87   24.92  -21.77   13.06  -15.58   11.87   -6.19
2024 05 11 09 48 00    27.51  -27.33   17.25  -18.95   10.27   -8.38   25.30  -21.93   12.54  -15.23   12.75   -6.70
2024 05 11 09 50 00    25.55  -25.34   15.80  -17.78    9.75   -7.56   24.28  -22.01   12.07  -15.13   12.20   -6.88
2024 05 11 09 52 00    25.87  -25.22   15.94  -17.54    9.94   -7.68   24.34  -21.83   11.84  -14.92   12.51   -6.90
2024 05 11 09 54 00    24.29  -23.59   15.09  -16.67    9.20   -6.93   21.60  -19.44    9.92  -13.37   11.68   -6.07
2024 05 11 09 56 00    24.94  -24.48   15.58  -17.28    9.36   -7.20   22.60  -20.56   10.90  -14.60   11.70   -5.96
2024 05 11 09 58 00    23.86  -22.94   15.05  -15.87    8.82   -7.07   22.64  -19.95   10.82  -14.05   11.82   -5.90
2024 05 11 10 00 00    23.64  -23.33   14.96  -16.00    8.67   -7.33   22.47  -20.28   10.03  -14.18   12.43   -6.09
2024 05 11 10 02 00    23.25  -22.84   14.66  -15.75    8.58   -7.08   21.87  -19.61    9.91  -14.02   11.96   -5.59
2024 05 11 10 04 00    22.49  -22.39   14.28  -15.38    8.21   -7.01   21.47  -20.00   10.41  -14.91   11.06   -5.09
2024 05 11 10 06 00    21.64  -22.17   14.14  -15.70    7.50   -6.47   19.34  -18.39    9.23  -13.78   10.11   -4.61
2024 05 11 10 08 00    21.76  -21.62   14.30  -15.81    7.46   -5.81   19.69  -18.54    9.36  -13.84   10.33   -4.70
2024 05 11 10 10 00    21.34  -21.21   14.38  -15.65    6.96   -5.56   19.26  -17.79    9.51  -13.17    9.75   -4.62
2024 05 11 10 12 00    21.32  -21.40   13.82  -15.23    7.50   -6.16   19.35  -17.87    9.60  -13.42    9.75   -4.45
2024 05 11 10 14 00    21.80  -21.43   14.09  -15.53    7.71   -5.91   19.20  -17.97    9.34  -13.36    9.86   -4.61
2024 05 11 10 16 00    21.71  -21.65   14.12  -15.82    7.59   -5.83   18.88  -17.94    9.08  -13.10    9.80   -4.84
2024 05 11 10 18 00    22.57  -22.63   14.27  -15.96    8.30   -6.67   18.38  -18.42    8.83  -13.43    9.55   -4.99
2024 05 11 10 20 00    22.55  -22.67   14.87  -16.70    7.67   -5.97   17.55  -17.89    8.31  -13.15    9.24   -4.75
2024 05 11 10 22 00    20.88  -21.06   13.17  -15.22    7.71   -5.84   17.63  -17.52    8.30  -12.80    9.32   -4.71
2024 05 11 10 24 00    20.21  -20.08   12.09  -13.74    8.12   -6.33   16.58  -16.21    7.07  -11.59    9.51   -4.62
2024 05 11 10 26 00    19.79  -19.97   11.83  -13.47    7.96   -6.50   18.03  -17.33    8.51  -12.14    9.52   -5.19
2024 05 11 10 28 00    19.90  -19.96   11.86  -13.37    8.03   -6.59   17.97  -18.16    8.18  -12.31    9.79   -5.85
2024 05 11 10 30 00    20.01  -19.70   11.95  -12.99    8.06   -6.71   17.22  -17.15    7.98  -11.71    9.23   -5.44
2024 05 11 10 32 00    18.62  -18.53   11.54  -12.70    7.08   -5.82   16.39  -16.52    7.70  -11.50    8.69   -5.02
2024 05 11 10 34 00    18.37  -18.16   11.36  -12.52    7.01   -5.64   15.71  -15.53    7.92  -11.37    7.78   -4.16
2024 05 11 10 36 00    18.20  -17.82   11.36  -12.66    6.84   -5.16   15.32  -14.90    7.58  -10.70    7.75   -4.20
2024 05 11 10 38 00    18.06  -17.73   11.19  -12.48    6.87   -5.25   15.56  -15.03    7.64  -10.81    7.92   -4.22
2024 05 11 10 40 00    17.91  -17.59   10.68  -12.08    7.23   -5.51   14.79  -14.63    6.88  -10.14    7.91   -4.49
2024 05 11 10 42 00    16.97  -16.85    9.94  -11.43    7.03   -5.42   14.74  -14.34    6.96   -9.80    7.77   -4.54
2024 05 11 10 44 00    16.83  -16.67    9.58  -10.63    7.25   -6.04   14.61  -14.53    7.01  -10.11    7.60   -4.43
2024 05 11 10 46 00    17.60  -17.16    9.70  -10.46    7.90   -6.71   12.38  -12.82    5.48   -8.64    6.90   -4.17
2024 05 11 10 48 00    17.65  -17.62    9.84  -10.71    7.81   -6.91   11.94  -12.22    5.38   -8.11    6.56   -4.12
2024 05 11 10 50 00    16.49  -16.42    9.22  -10.13    7.27   -6.29   12.32  -12.58    5.84   -8.65    6.47   -3.92
2024 05 11 10 52 00    16.60  -16.62    9.19  -10.15    7.42   -6.48   12.67  -13.21    5.78   -8.62    6.89   -4.59
2024 05 11 10 54 00    16.17  -16.54    9.83  -10.83    6.34   -5.71   12.78  -12.69    5.94   -8.30    6.84   -4.38
2024 05 11 10 56 00    16.69  -16.60   10.42  -11.03    6.27   -5.57   12.29  -12.33    5.57   -8.26    6.72   -4.07
2024 05 11 10 58 00    18.89  -19.05   11.63  -12.21    7.26   -6.84   13.69  -13.49    6.61   -8.75    7.08   -4.74
2024 05 11 11 00 00    18.72  -18.51   11.80  -12.14    6.92   -6.38   15.32  -15.29    7.00   -9.32    8.31   -5.97
2024 05 11 11 02 00    16.56  -16.41   10.04  -10.51    6.52   -5.90   15.11  -15.35    7.40   -9.84    7.71   -5.51
2024 05 11 11 04 00    17.28  -17.27   10.03  -10.82    7.25   -6.45   15.05  -15.46    7.19   -9.65    7.85   -5.81
2024 05 11 11 06 00    16.30  -16.43    9.02   -9.94    7.28   -6.49   14.87  -15.37    6.66   -8.96    8.21   -6.41
2024 05 11 11 08 00    15.78  -16.21    8.68   -9.67    7.10   -6.54   14.88  -15.31    6.07   -8.35    8.81   -6.95
2024 05 11 11 10 00    15.46  -15.75    8.53   -9.30    6.94   -6.45   12.58  -13.38    4.91   -7.24    7.66   -6.14
2024 05 11 11 12 00    15.87  -16.05    8.50   -9.27    7.37   -6.78   12.57  -12.95    4.95   -6.96    7.62   -5.98
2024 05 11 11 14 00    15.20  -15.08    8.53   -9.16    6.67   -5.92   12.52  -12.66    5.13   -6.94    7.39   -5.72
2024 05 11 11 16 00    16.32  -16.43    9.53   -9.80    6.78   -6.64   12.26  -12.42    5.48   -7.08    6.77   -5.34
2024 05 11 11 18 00    15.09  -15.15    7.77   -8.05    7.33   -7.10   12.27  -12.56    5.95   -7.05    6.31   -5.52
2024 05 11 11 20 00    17.00  -16.94    8.90   -8.95    8.10   -7.99   11.78  -12.18    5.96   -6.75    5.82   -5.43
2024 05 11 11 22 00    15.11  -15.80    7.79   -8.10    7.32   -7.70   11.45  -11.27    5.41   -5.74    6.03   -5.53
2024 05 11 11 24 00    17.55  -17.90    8.80   -9.02    8.76   -8.88   12.17  -12.21    6.02   -6.11    6.15   -6.09
2024 05 11 11 26 00    16.10  -16.16    7.92   -8.06    8.19   -8.10   12.83  -13.41    5.70   -5.92    7.13   -7.49
2024 05 11 11 28 00    16.83  -17.05    8.75   -8.61    8.08   -8.44   12.46  -12.52    5.80   -6.04    6.65   -6.47
2024 05 11 11 30 00    17.40  -17.28    9.40   -9.01    8.00   -8.26   12.95  -13.38    5.62   -6.19    7.33   -7.19
2024 05 11 11 32 00    17.76  -17.86    9.15   -8.94    8.61   -8.92   12.52  -12.54    4.94   -5.18    7.59   -7.36
2024 05 11 11 34 00    15.34  -15.16    8.15   -7.53    7.18   -7.63   13.58  -13.18    5.62   -5.44    7.97   -7.73
2024 05 11 11 36 00    15.31  -15.03    8.86   -8.33    6.45   -6.70   11.22  -10.71    5.47   -4.86    5.75   -5.85
2024 05 11 11 38 00    17.67  -17.56   10.75   -9.87    6.92   -7.69   12.67  -12.19    6.34   -5.71    6.34   -6.48
2024 05 11 11 40 00    17.49  -17.52   10.40   -9.56    7.09   -7.97   13.02  -12.94    6.69   -5.80    6.33   -7.14
2024 05 11 11 42 00    17.32  -17.14   10.36   -9.51    6.96   -7.62   12.41  -12.22    6.33   -5.49    6.08   -6.73
2024 05 11 11 44 00    17.03  -17.22   10.58  -10.11    6.45   -7.11   12.82  -12.68    5.93   -5.13    6.89   -7.54
2024 05 11 11 46 00    14.30  -14.68    9.31   -8.92    5.00   -5.76   11.65  -11.42    5.80   -4.99    5.85   -6.44
2024 05 11 11 48 00    15.70  -15.76   10.03   -9.30    5.66   -6.46   12.07  -11.74    6.02   -5.22    6.05   -6.52
2024 05 11 11 50 00    16.91  -16.73   10.77   -9.75    6.14   -6.98   11.90  -11.76    5.99   -5.34    5.91   -6.42
2024 05 11 11 52 00    18.15  -17.83   11.33   -9.99    6.83   -7.84   11.52  -11.59    6.49   -6.25    5.03   -5.34
2024 05 11 11 54 00    17.73  -17.57   11.81  -10.89    5.92   -6.68   12.14  -12.24    6.88   -6.80    5.27   -5.44
2024 05 11 11 56 00    16.23  -16.22   10.88  -10.03    5.35   -6.19   13.24  -13.36    7.08   -7.10    6.15   -6.26
2024 05 11 11 58 00    16.18  -15.93   10.23   -9.32    5.96   -6.61   12.67  -12.86    6.69   -6.90    5.98   -5.96
2024 05 11 12 00 00    16.47  -16.17   10.74  -10.16    5.73   -6.00   12.27  -12.70    6.70   -6.98    5.56   -5.72
2024 05 11 12 02 00    18.37  -18.28   11.83  -11.22    6.54   -7.06   11.71  -11.84    5.86   -5.93    5.85   -5.91
2024 05 11 12 04 00    18.22  -18.10   12.01  -11.21    6.21   -6.88   12.09  -12.28    6.53   -6.71    5.56   -5.57
2024 05 11 12 06 00    20.30  -20.47   13.40  -12.80    6.90   -7.67   11.54  -11.48    6.24   -6.59    5.29   -4.89
2024 05 11 12 08 00    20.66  -20.84   13.88  -13.11    6.77   -7.72   11.02  -11.22    5.83   -6.45    5.19   -4.77
2024 05 11 12 10 00    19.61  -20.18   13.32  -12.74    6.29   -7.44   10.21  -10.59    5.12   -5.71    5.08   -4.88
2024 05 11 12 12 00    19.43  -19.48   13.50  -12.57    5.93   -6.91   10.56  -10.63    5.57   -5.96    4.99   -4.67
2024 05 11 12 14 00    19.18  -19.86   13.88  -13.16    5.30   -6.70   12.37  -12.51    5.71   -6.19    6.66   -6.32
2024 05 11 12 16 00    18.07  -18.48   13.03  -12.09    5.04   -6.39   12.28  -12.72    5.89   -6.50    6.39   -6.22
2024 05 11 12 18 00    18.07  -18.22   13.20  -12.37    4.87   -5.85   12.52  -12.96    6.53   -7.27    5.99   -5.69
2024 05 11 12 20 00    18.24  -18.39   12.50  -11.72    5.74   -6.68   12.78  -12.87    6.14   -6.71    6.64   -6.16
2024 05 11 12 22 00    19.64  -19.71   12.09  -11.67    7.55   -8.04   13.94  -13.87    6.30   -7.05    7.64   -6.82
2024 05 11 12 24 00    20.25  -20.49   12.08  -12.08    8.17   -8.41   15.42  -15.67    6.30   -7.26    9.12   -8.41
2024 05 11 12 26 00    20.47  -20.66   11.71  -12.04    8.76   -8.63   17.58  -18.10    6.77   -7.82   10.81  -10.29
2024 05 11 12 28 00    20.39  -20.35   10.86  -11.14    9.53   -9.21   18.71  -19.39    6.04   -7.44   12.67  -11.95
2024 05 11 12 30 00    20.83  -21.33    9.85  -10.74   10.99  -10.59   20.07  -20.71    6.36   -7.75   13.70  -12.95
2024 05 11 12 32 00    21.68  -21.87   10.52  -11.28   11.16  -10.60   20.09  -20.45    6.50   -8.04   13.59  -12.41
2024 05 11 12 34 00    21.99  -21.94   11.15  -12.09   10.84   -9.85   19.02  -19.39    5.91   -7.87   13.11  -11.52
2024 05 11 12 36 00    22.61  -22.82   11.22  -12.67   11.39  -10.15   19.22  -19.72    6.04   -8.26   13.18  -11.46
2024 05 11 12 38 00    23.13  -23.16   13.02  -14.52   10.10   -8.64   20.84  -21.49    6.85   -9.23   13.99  -12.26
2024 05 11 12 40 00    22.69  -22.36   12.16  -13.70   10.52   -8.66   22.94  -23.36    7.14   -9.72   15.80  -13.64
2024 05 11 12 42 00    21.32  -21.31   11.20  -13.01   10.12   -8.30   21.39  -21.46    7.19   -9.75   14.20  -11.71
2024 05 11 12 44 00    23.06  -22.83   11.75  -13.62   11.30   -9.21   21.33  -21.67    6.97   -9.97   14.36  -11.71
2024 05 11 12 46 00    21.81  -21.54   11.15  -13.18   10.66   -8.36   21.38  -21.04    7.80  -10.76   13.57  -10.27
2024 05 11 12 48 00    21.20  -21.11   11.11  -13.28   10.09   -7.83   18.84  -18.88    6.40  -10.18   12.44   -8.70
2024 05 11 12 50 00    20.71  -20.72   10.94  -12.98    9.77   -7.74   18.84  -18.66    6.05  -10.12   12.79   -8.55
2024 05 11 12 52 00    18.04  -17.90   10.01  -12.16    8.03   -5.75   18.74  -18.34    6.04   -9.79   12.70   -8.54
2024 05 11 12 54 00    17.12  -16.65    9.65  -11.56    7.47   -5.09   17.92  -17.38    6.01   -9.91   11.91   -7.47
2024 05 11 12 56 00    16.70  -16.73    9.39  -11.61    7.31   -5.12   17.72  -17.33    5.96  -10.04   11.76   -7.29
2024 05 11 12 58 00    17.59  -17.34   10.31  -12.20    7.28   -5.14   18.06  -17.60    6.11  -10.25   11.95   -7.36
2024 05 11 13 00 00    18.33  -18.14   10.40  -12.22    7.94   -5.92   18.06  -17.87    6.47  -10.81   11.60   -7.06
2024 05 11 13 02 00    19.20  -19.26   10.98  -13.05    8.22   -6.21   18.12  -17.84    6.54  -10.63   11.57   -7.20
2024 05 11 13 04 00    18.33  -18.07   10.46  -12.68    7.87   -5.40   17.77  -17.67    6.66  -10.96   11.11   -6.70
2024 05 11 13 06 00    19.05  -18.73   11.19  -12.95    7.87   -5.77   17.38  -17.18    6.51  -10.69   10.87   -6.49
2024 05 11 13 08 00    18.28  -18.02   10.25  -12.03    8.03   -5.99   16.81  -16.58    6.61  -10.51   10.20   -6.08
2024 05 11 13 10 00    18.65  -17.84   10.64  -12.21    8.00   -5.64   17.59  -17.19    6.73  -10.88   10.86   -6.32
2024 05 11 13 12 00    19.85  -19.04   11.17  -12.75    8.69   -6.29   18.02  -17.83    6.76  -10.94   11.27   -6.89
2024 05 11 13 14 00    19.81  -19.53   10.99  -12.97    8.82   -6.56   17.26  -16.92    6.17  -10.42   11.09   -6.50
2024 05 11 13 16 00    20.11  -19.76   11.17  -13.19    8.94   -6.57   18.11  -17.78    6.27  -10.68   11.83   -7.09
2024 05 11 13 18 00    19.58  -19.85   10.81  -13.48    8.77   -6.37   16.83  -16.33    5.90  -10.18   10.94   -6.15
2024 05 11 13 20 00    20.41  -20.56   11.37  -13.85    9.04   -6.71   16.75  -16.35    5.88  -10.26   10.88   -6.09
2024 05 11 13 22 00    19.44  -19.45   11.20  -13.56    8.24   -5.89   16.69  -16.35    5.87  -10.11   10.82   -6.24
2024 05 11 13 24 00    20.11  -20.29   11.96  -14.16    8.15   -6.12   17.58  -17.04    6.18  -10.36   11.40   -6.67
2024 05 11 13 26 00    19.85  -19.81   12.21  -14.43    7.64   -5.38   17.92  -17.58    6.06  -10.31   11.86   -7.27
2024 05 11 13 28 00    19.92  -19.97   12.00  -14.36    7.92   -5.61   16.52  -15.87    6.14  -10.29   10.38   -5.58
2024 05 11 13 30 00    18.94  -19.24   11.65  -14.24    7.29   -5.00   17.56  -17.09    7.08  -11.36   10.48   -5.73
2024 05 11 13 32 00    20.72  -20.52   12.70  -15.36    8.02   -5.16   16.49  -16.11    6.18  -10.57   10.32   -5.54
2024 05 11 13 34 00    20.71  -20.77   12.76  -15.73    7.95   -5.04   16.17  -15.76    6.41  -10.64    9.76   -5.12
2024 05 11 13 36 00    20.25  -20.46   12.25  -15.36    8.00   -5.10   16.51  -16.38    6.65  -11.07    9.86   -5.31
2024 05 11 13 38 00    20.66  -20.97   12.42  -15.71    8.24   -5.26   16.76  -16.54    6.78  -11.18    9.97   -5.35
2024 05 11 13 40 00    20.90  -21.18   12.12  -15.57    8.79   -5.61   17.00  -16.45    6.95  -11.14   10.05   -5.31
2024 05 11 13 42 00    21.77  -21.65   12.82  -15.96    8.95   -5.69   16.98  -16.73    6.91  -11.32   10.07   -5.40
2024 05 11 13 44 00    22.02  -22.02   12.64  -16.02    9.39   -6.00   17.58  -17.13    7.37  -11.52   10.21   -5.61
2024 05 11 13 46 00    21.10  -21.38   12.19  -15.55    8.91   -5.83   17.21  -16.67    6.81  -10.69   10.40   -5.98
2024 05 11 13 48 00    22.42  -22.34   13.58  -16.25    8.85   -6.09   17.28  -16.99    6.65  -10.54   10.63   -6.45
2024 05 11 13 50 00    21.61  -21.85   13.08  -15.96    8.53   -5.90   17.40  -16.96    7.23  -10.57   10.17   -6.39
2024 05 11 13 52 00    21.96  -21.82   13.48  -15.95    8.48   -5.87   14.97  -14.64    5.68   -9.00    9.29   -5.64
2024 05 11 13 54 00    21.73  -21.88   13.32  -15.96    8.41   -5.91   14.91  -14.71    5.54   -8.78    9.37   -5.92
2024 05 11 13 56 00    23.24  -23.38   14.40  -17.00    8.84   -6.38   14.90  -14.65    5.33   -8.29    9.56   -6.36
2024 05 11 13 58 00    23.66  -23.96   14.10  -16.76    9.56   -7.20   14.57  -14.32    5.36   -8.09    9.21   -6.23
2024 05 11 14 00 00    22.84  -22.95   13.41  -15.83    9.44   -7.12   14.02  -13.65    5.62   -8.02    8.39   -5.63
2024 05 11 14 02 00    22.75  -23.03   13.49  -15.91    9.26   -7.13   14.36  -13.90    5.54   -7.86    8.82   -6.04
2024 05 11 14 04 00    22.19  -22.49   13.20  -15.45    8.99   -7.04   12.57  -12.28    5.16   -7.53    7.41   -4.74
2024 05 11 14 06 00    21.31  -21.69   12.27  -14.23    9.04   -7.45   13.55  -13.26    5.69   -7.88    7.86   -5.39
2024 05 11 14 08 00    20.83  -20.85   11.52  -13.07    9.31   -7.78   12.97  -12.64    5.23   -7.31    7.74   -5.33
2024 05 11 14 10 00    21.04  -21.01   12.33  -13.64    8.71   -7.37   14.04  -14.18    6.26   -8.49    7.77   -5.70
2024 05 11 14 12 00    22.04  -22.05   12.08  -13.42    9.96   -8.63   15.19  -14.76    6.88   -8.45    8.31   -6.31
2024 05 11 14 14 00    22.51  -22.88   11.67  -13.47   10.84   -9.41   14.88  -14.55    6.65   -8.39    8.23   -6.16
2024 05 11 14 16 00    22.95  -23.05   11.46  -13.20   11.49   -9.85   14.27  -14.47    5.55   -7.51    8.72   -6.97
2024 05 11 14 18 00    22.64  -22.85   10.90  -12.75   11.74  -10.10   15.38  -15.34    6.05   -7.49    9.34   -7.85
2024 05 11 14 20 00    21.45  -21.47   10.52  -11.88   10.94   -9.59   15.05  -15.07    5.55   -6.77    9.50   -8.29
2024 05 11 14 22 00    20.37  -20.61   10.14  -11.55   10.22   -9.06   14.99  -14.90    5.41   -6.47    9.58   -8.43
2024 05 11 14 24 00    21.54  -21.76   10.60  -11.73   10.94  -10.04   15.58  -15.55    5.96   -7.01    9.62   -8.55
2024 05 11 14 26 00    23.42  -23.63   11.59  -12.38   11.83  -11.25   13.85  -14.09    5.74   -6.99    8.11   -7.10
2024 05 11 14 28 00    23.74  -24.21   12.14  -12.87   11.59  -11.34   14.51  -14.10    6.01   -6.78    8.50   -7.32
2024 05 11 14 30 00    24.21  -24.59   13.11  -13.52   11.10  -11.07   14.08  -13.63    5.83   -6.41    8.26   -7.23
2024 05 11 14 32 00    23.46  -23.69   13.71  -13.68    9.75  -10.01   13.48  -12.93    6.06   -6.12    7.42   -6.81
2024 05 11 14 34 00    22.77  -22.71   14.06  -13.43    8.71   -9.28   13.72  -13.49    6.83   -6.87    6.89   -6.62
2024 05 11 14 36 00    22.97  -23.19   14.91  -14.31    8.06   -8.89   14.00  -13.86    8.22   -8.50    5.78   -5.36
2024 05 11 14 38 00    21.76  -22.11   14.01  -13.45    7.75   -8.66   13.92  -13.81    7.63   -8.08    6.28   -5.72
2024 05 11 14 40 00    23.09  -23.15   14.60  -13.88    8.49   -9.27   14.11  -14.09    7.44   -7.77    6.67   -6.33
2024 05 11 14 42 00    21.13  -21.48   13.36  -12.97    7.77   -8.51   13.84  -13.95    7.32   -7.45    6.52   -6.50
2024 05 11 14 44 00    20.72  -21.25   12.97  -13.05    7.75   -8.20   12.19  -12.44    6.50   -6.63    5.69   -5.81
2024 05 11 14 46 00    20.65  -21.22   13.45  -13.40    7.20   -7.81   11.28  -11.64    5.87   -6.21    5.41   -5.43
2024 05 11 14 48 00    19.77  -20.22   12.77  -12.67    6.99   -7.55   11.52  -11.79    5.68   -6.24    5.84   -5.55
2024 05 11 14 50 00    18.75  -19.07   11.81  -11.78    6.93   -7.29   12.36  -12.64    5.94   -6.99    6.42   -5.65
2024 05 11 14 52 00    18.31  -18.57   11.69  -11.77    6.62   -6.80   13.92  -14.02    6.14   -6.91    7.78   -7.12
2024 05 11 14 54 00    19.45  -19.71   12.15  -12.36    7.30   -7.35   14.56  -14.95    6.44   -7.73    8.13   -7.22
2024 05 11 14 56 00    17.99  -18.49   10.91  -11.80    7.08   -6.69   15.13  -15.29    6.43   -7.56    8.71   -7.73
2024 05 11 14 58 00    18.33  -18.94   11.76  -12.72    6.57   -6.23   15.42  -15.38    7.17   -8.49    8.25   -6.89
2024 05 11 15 00 00    18.43  -19.06   12.31  -13.18    6.13   -5.88   15.75  -15.59    7.28   -8.93    8.47   -6.65
2024 05 11 15 02 00    18.72  -19.36   12.29  -13.11    6.43   -6.25   14.63  -14.36    6.26   -8.41    8.37   -5.95
2024 05 11 15 04 00    19.07  -19.73   11.92  -13.11    7.15   -6.62   14.11  -13.83    6.29   -8.51    7.82   -5.32
2024 05 11 15 06 00    18.99  -19.56   11.41  -12.99    7.58   -6.56   14.57  -13.77    6.04   -8.12    8.53   -5.65
2024 05 11 15 08 00    18.48  -18.69   11.13  -12.56    7.35   -6.13   14.17  -13.72    6.11   -8.37    8.07   -5.34
2024 05 11 15 10 00    16.61  -16.90    9.89  -11.45    6.72   -5.45   13.74  -13.64    5.87   -8.35    7.87   -5.30
2024 05 11 15 12 00    14.85  -15.28    8.92  -10.62    5.94   -4.66   12.77  -12.72    5.57   -7.98    7.20   -4.74
2024 05 11 15 14 00    14.29  -14.46    8.07   -9.50    6.21   -4.96   13.69  -13.46    5.62   -8.15    8.07   -5.32
2024 05 11 15 16 00    14.44  -14.87    8.77  -10.34    5.67   -4.53   12.73  -12.73    5.57   -8.16    7.16   -4.57
2024 05 11 15 18 00    14.51  -14.96    9.16  -10.61    5.35   -4.35   12.29  -12.23    5.28   -7.74    7.02   -4.48
2024 05 11 15 20 00    15.55  -15.77    9.64  -11.01    5.91   -4.76   11.55  -11.72    4.68   -7.37    6.87   -4.35
2024 05 11 15 22 00    14.85  -15.31    9.16  -10.65    5.69   -4.66   11.72  -11.76    4.85   -7.43    6.87   -4.33
2024 05 11 15 24 00    13.40  -13.78    8.35   -9.68    5.05   -4.10   11.70  -11.76    4.76   -7.59    6.94   -4.16
2024 05 11 15 26 00    14.75  -14.84    9.53  -10.53    5.23   -4.31   10.96  -11.16    4.41   -7.19    6.55   -3.98
2024 05 11 15 28 00    13.86  -14.18    9.14  -10.06    4.72   -4.12   11.34  -11.60    4.61   -7.71    6.72   -3.89
2024 05 11 15 30 00    13.68  -13.99    8.82   -9.93    4.86   -4.05   11.86  -12.10    4.77   -7.76    7.09   -4.34
2024 05 11 15 32 00    13.10  -13.94    8.56   -9.83    4.54   -4.11   11.76  -11.89    4.50   -7.37    7.26   -4.52
2024 05 11 15 34 00    12.57  -13.26    7.82   -9.18    4.75   -4.07   11.83  -12.04    4.70   -7.56    7.13   -4.48
2024 05 11 15 36 00    12.58  -13.14    7.59   -9.20    4.99   -3.94   11.18  -11.40    4.14   -7.28    7.04   -4.12
2024 05 11 15 38 00    12.66  -13.23    7.24   -8.62    5.42   -4.61   10.32  -10.64    3.68   -7.00    6.64   -3.64
2024 05 11 15 40 00    13.45  -14.18    7.55   -8.76    5.90   -5.42   10.68  -10.97    3.56   -6.58    7.12   -4.39
2024 05 11 15 42 00    13.18  -13.55    7.60   -8.52    5.58   -5.04   10.29  -10.65    3.45   -6.55    6.84   -4.10
2024 05 11 15 44 00    13.56  -13.97    7.72   -8.73    5.84   -5.24   10.22  -10.22    3.46   -5.94    6.76   -4.28
2024 05 11 15 46 00    12.96  -13.44    7.26   -8.26    5.70   -5.18    9.96  -10.17    3.34   -5.92    6.62   -4.26
2024 05 11 15 48 00    13.45  -13.69    7.60   -8.37    5.85   -5.32    9.97   -9.84    3.50   -5.79    6.46   -4.05
2024 05 11 15 50 00    13.90  -14.55    7.64   -8.67    6.26   -5.87    9.52   -9.27    3.10   -5.25    6.42   -4.01
2024 05 11 15 52 00    13.86  -14.25    7.44   -8.50    6.42   -5.75    9.52   -9.13    3.00   -5.19    6.52   -3.94
2024 05 11 15 54 00    14.02  -14.65    7.49   -8.66    6.53   -5.99    9.50   -9.30    3.00   -5.26    6.50   -4.04
2024 05 11 15 56 00    14.70  -14.87    7.87   -8.72    6.83   -6.16    9.23   -9.33    3.04   -5.43    6.19   -3.90
2024 05 11 15 58 00    14.01  -14.31    7.54   -8.69    6.46   -5.63    9.45   -9.52    3.38   -5.80    6.07   -3.72
2024 05 11 16 00 00    14.67  -14.85    8.27   -9.34    6.40   -5.51    9.40   -9.23    3.36   -5.56    6.04   -3.67
2024 05 11 16 02 00    13.90  -14.21    7.87   -8.93    6.03   -5.28    9.66   -9.69    3.17   -5.55    6.49   -4.14
2024 05 11 16 04 00    14.30  -14.53    8.01   -9.04    6.30   -5.48    9.45   -9.68    3.29   -5.50    6.17   -4.19
2024 05 11 16 06 00    14.90  -14.88    8.70   -9.82    6.20   -5.06    8.92   -8.90    3.30   -5.25    5.62   -3.65
2024 05 11 16 08 00    14.25  -14.38    8.57  -10.21    5.67   -4.18    9.28   -9.26    3.46   -5.34    5.82   -3.91
2024 05 11 16 10 00    14.03  -13.90    8.28   -9.73    5.75   -4.18    9.57   -9.50    3.54   -5.49    6.03   -4.01
2024 05 11 16 12 00    14.05  -14.28    8.55  -10.10    5.50   -4.18    9.76   -9.77    3.89   -5.64    5.87   -4.13
2024 05 11 16 14 00    14.28  -14.25    8.68  -10.11    5.60   -4.14   10.09  -10.14    3.82   -5.68    6.27   -4.46
2024 05 11 16 16 00    13.77  -13.92    8.25   -9.53    5.52   -4.40   10.21  -10.16    3.79   -5.47    6.42   -4.70
2024 05 11 16 18 00    14.53  -14.71    8.85  -10.04    5.68   -4.67    9.91   -9.79    3.74   -5.40    6.16   -4.39
2024 05 11 16 20 00    14.98  -15.10    8.97  -10.17    6.01   -4.93    9.93   -9.98    3.97   -5.49    5.97   -4.49
2024 05 11 16 22 00    15.10  -15.27    9.04  -10.39    6.06   -4.87   10.39  -10.37    4.08   -5.39    6.32   -4.98
2024 05 11 16 24 00    15.05  -15.07    8.98  -10.05    6.07   -5.02   10.22  -10.28    3.87   -5.30    6.35   -4.97
2024 05 11 16 26 00    15.58  -15.56    9.43  -10.35    6.15   -5.21    9.18   -8.98    3.09   -4.48    6.09   -4.50
2024 05 11 16 28 00    14.50  -15.02    8.48   -9.90    6.01   -5.12    9.66   -9.67    3.52   -4.68    6.13   -4.99
2024 05 11 16 30 00    13.60  -13.78    8.02   -9.24    5.58   -4.54    9.63   -9.77    3.92   -5.13    5.71   -4.63
2024 05 11 16 32 00    13.37  -13.36    8.14   -9.27    5.22   -4.09    9.16   -9.43    3.76   -4.81    5.40   -4.62
2024 05 11 16 34 00    13.37  -13.27    8.05   -8.95    5.32   -4.33    9.18   -9.19    3.84   -4.57    5.33   -4.62
2024 05 11 16 36 00    13.42  -13.25    7.99   -8.94    5.44   -4.31    8.43   -8.45    3.59   -4.37    4.84   -4.09
2024 05 11 16 38 00    13.18  -13.28    7.90   -8.76    5.28   -4.52    8.55   -8.30    3.60   -4.19    4.94   -4.12
2024 05 11 16 40 00    12.78  -12.80    7.57   -8.42    5.21   -4.38    7.82   -7.58    3.49   -3.99    4.33   -3.60
2024 05 11 16 42 00    13.80  -13.83    8.49   -9.14    5.30   -4.69    7.97   -8.00    3.64   -4.23    4.33   -3.77
2024 05 11 16 44 00    13.53  -13.77    8.56   -9.50    4.98   -4.27    8.78   -8.80    3.69   -4.12    5.09   -4.68
2024 05 11 16 46 00    12.62  -12.70    7.65   -8.55    4.97   -4.15    8.95   -9.10    4.09   -4.43    4.86   -4.67
2024 05 11 16 48 00    12.71  -12.95    7.60   -8.53    5.11   -4.42    8.15   -8.59    3.49   -3.81    4.66   -4.78
2024 05 11 16 50 00    13.47  -13.71    7.90   -8.97    5.56   -4.74    8.28   -8.58    3.54   -3.70    4.75   -4.88
2024 05 11 16 52 00    13.16  -13.30    7.29   -8.10    5.87   -5.21    8.75   -8.89    3.84   -3.81    4.91   -5.09
2024 05 11 16 54 00    13.53  -13.75    7.10   -8.02    6.43   -5.73    9.39   -9.72    4.18   -4.09    5.21   -5.63
2024 05 11 16 56 00    15.20  -15.42    7.67   -8.34    7.53   -7.07    8.64   -9.05    3.99   -3.87    4.65   -5.19
2024 05 11 16 58 00    14.86  -15.30    7.37   -7.97    7.49   -7.34   10.03  -10.71    4.19   -4.11    5.84   -6.59
2024 05 11 17 00 00    14.99  -15.65    7.60   -8.35    7.39   -7.30   10.76  -11.49    4.44   -4.41    6.32   -7.08
2024 05 11 17 02 00    14.10  -14.56    7.76   -8.20    6.34   -6.36    8.62   -9.36    4.12   -3.95    4.50   -5.41
2024 05 11 17 04 00    14.96  -14.99    8.16   -8.15    6.80   -6.84    8.99   -9.42    4.39   -4.30    4.60   -5.12
2024 05 11 17 06 00    14.86  -15.47    7.68   -7.86    7.18   -7.61    7.63   -7.85    3.90   -3.76    3.73   -4.09
2024 05 11 17 08 00    14.87  -15.53    7.69   -7.70    7.18   -7.82    7.16   -7.88    3.49   -3.43    3.67   -4.45
2024 05 11 17 10 00    15.52  -16.41    8.44   -8.60    7.08   -7.81    7.44   -8.05    3.52   -3.37    3.92   -4.69
2024 05 11 17 12 00    14.91  -15.59    8.12   -8.09    6.79   -7.50    7.50   -8.19    3.53   -3.30    3.97   -4.89
2024 05 11 17 14 00    14.29  -14.69    7.94   -7.76    6.35   -6.93    7.95   -8.28    3.79   -3.11    4.16   -5.17
2024 05 11 17 16 00    14.26  -14.68    8.22   -7.96    6.04   -6.73    7.30   -7.89    3.26   -3.01    4.05   -4.87
2024 05 11 17 18 00    14.35  -14.35    8.07   -7.52    6.29   -6.83    7.22   -7.55    3.19   -2.78    4.04   -4.77
2024 05 11 17 20 00    15.17  -15.22    9.10   -8.44    6.06   -6.78    7.25   -7.95    3.22   -3.05    4.03   -4.90
2024 05 11 17 22 00    14.47  -14.54    8.65   -8.16    5.82   -6.37    7.60   -7.99    3.29   -3.23    4.31   -4.76
2024 05 11 17 24 00    13.61  -13.75    8.64   -8.21    4.97   -5.54    6.93   -7.31    3.05   -3.00    3.87   -4.31
2024 05 11 17 26 00    13.79  -14.34    8.97   -8.69    4.82   -5.65    7.30   -7.84    3.41   -3.28    3.90   -4.56
2024 05 11 17 28 00    14.67  -15.43    8.94   -8.86    5.73   -6.56    7.37   -7.97    3.45   -3.14    3.91   -4.83
2024 05 11 17 30 00    13.11  -13.36    7.02   -6.93    6.10   -6.44    7.85   -8.23    3.87   -3.15    3.98   -5.08
2024 05 11 17 32 00    13.68  -14.06    7.47   -7.25    6.21   -6.81    7.59   -8.30    4.39   -3.50    3.20   -4.80
2024 05 11 17 34 00    13.68  -14.10    7.85   -7.74    5.82   -6.36    7.25   -8.17    4.71   -3.98    2.53   -4.19
2024 05 11 17 36 00    12.21  -12.46    7.34   -6.80    4.87   -5.66    7.41   -8.23    4.54   -3.66    2.87   -4.58
2024 05 11 17 38 00    11.70  -12.04    6.66   -5.86    5.04   -6.17    7.71   -8.29    4.47   -3.39    3.24   -4.90
2024 05 11 17 40 00    11.78  -12.11    6.68   -5.66    5.10   -6.45    7.71   -8.48    4.33   -3.40    3.38   -5.08
2024 05 11 17 42 00    11.49  -11.79    6.72   -5.66    4.77   -6.13    7.61   -8.40    4.34   -3.44    3.28   -4.97
2024 05 11 17 44 00    12.41  -12.60    7.31   -6.40    5.10   -6.20    8.19   -8.66    4.50   -3.30    3.69   -5.36
2024 05 11 17 46 00    12.85  -13.08    7.69   -6.97    5.15   -6.11    8.48   -8.65    4.77   -3.47    3.72   -5.18
2024 05 11 17 48 00    12.35  -12.39    7.11   -6.52    5.24   -5.87    8.74   -8.68    4.57   -3.42    4.17   -5.26
2024 05 11 17 50 00    11.62  -11.61    6.84   -6.18    4.78   -5.43    8.57   -8.56    4.72   -3.58    3.85   -4.98
2024 05 11 17 52 00     8.79   -8.53    4.86   -3.97    3.93   -4.57    7.56   -7.76    4.58   -3.49    2.98   -4.27
2024 05 11 17 54 00     8.45   -8.20    4.85   -3.98    3.60   -4.21    6.45   -6.35    4.03   -2.87    2.42   -3.48
2024 05 11 17 56 00     7.58   -7.61    4.47   -3.76    3.11   -3.85    6.10   -6.26    3.85   -2.62    2.25   -3.64
2024 05 11 17 58 00     8.27   -7.94    5.05   -4.02    3.22   -3.92    6.16   -6.39    3.77   -2.58    2.38   -3.82
2024 05 11 18 00 00     8.80   -8.45    5.55   -4.39    3.25   -4.06    6.97   -6.92    4.36   -3.12    2.61   -3.80
2024 05 11 18 02 00     8.53   -8.34    5.14   -4.09    3.39   -4.25    6.41   -6.56    3.93   -2.92    2.48   -3.63
2024 05 11 18 04 00     8.35   -8.45    5.26   -4.18    3.10   -4.26    6.02   -6.33    3.61   -2.82    2.41   -3.52
2024 05 11 18 06 00     8.77   -8.93    5.24   -4.00    3.52   -4.92    6.17   -6.36    3.77   -3.14    2.40   -3.22
2024 05 11 18 08 00     8.89   -8.89    5.51   -4.35    3.38   -4.54    5.77   -6.12    3.38   -2.96    2.39   -3.16
2024 05 11 18 10 00     8.03   -8.07    4.91   -3.60    3.12   -4.47    6.07   -6.34    3.16   -2.69    2.91   -3.65
2024 05 11 18 12 00     8.98   -9.32    5.33   -4.01    3.65   -5.31    6.53   -6.53    3.22   -2.51    3.31   -4.02
2024 05 11 18 14 00     9.94  -10.02    5.71   -4.50    4.23   -5.51    7.19   -7.38    3.44   -2.77    3.75   -4.61
2024 05 11 18 16 00    10.01  -10.10    5.44   -4.22    4.57   -5.87    7.36   -7.39    3.49   -2.91    3.87   -4.48
2024 05 11 18 18 00    11.04  -11.05    5.99   -4.54    5.05   -6.51    6.62   -7.06    3.50   -3.01    3.12   -4.05
2024 05 11 18 20 00    12.73  -12.84    7.87   -6.58    4.86   -6.26    7.36   -8.01    3.93   -3.36    3.43   -4.65
2024 05 11 18 22 00    11.90  -11.97    7.39   -5.93    4.51   -6.04    8.34   -8.92    4.25   -3.60    4.09   -5.31
2024 05 11 18 24 00    11.96  -12.19    7.09   -5.83    4.88   -6.36    9.06   -9.69    4.03   -3.45    5.03   -6.24
2024 05 11 18 26 00    11.00  -11.09    6.53   -5.44    4.47   -5.65    8.32   -8.81    3.70   -3.10    4.61   -5.71
2024 05 11 18 28 00    10.98  -11.03    6.71   -5.83    4.26   -5.19    8.16   -8.43    3.71   -3.04    4.45   -5.39
2024 05 11 18 30 00    10.92  -11.06    6.97   -6.15    3.95   -4.91    7.12   -7.94    3.37   -3.00    3.75   -4.94
2024 05 11 18 32 00    11.17  -11.16    6.85   -6.12    4.32   -5.03    7.73   -8.29    3.77   -3.13    3.96   -5.16
2024 05 11 18 34 00    10.85  -11.08    6.49   -5.73    4.36   -5.35    7.40   -7.80    3.60   -3.01    3.80   -4.79
2024 05 11 18 36 00    10.95  -11.65    6.59   -5.90    4.36   -5.75    7.71   -8.24    3.81   -3.07    3.90   -5.18
2024 05 11 18 38 00    10.59  -11.00    6.18   -5.56    4.41   -5.45    7.48   -7.94    3.60   -2.82    3.88   -5.12
2024 05 11 18 40 00    10.52  -11.16    6.58   -5.93    3.94   -5.23    6.94   -7.49    3.55   -2.91    3.39   -4.58
2024 05 11 18 42 00    11.99  -12.57    7.56   -6.60    4.43   -5.96    7.18   -7.60    3.59   -2.92    3.59   -4.69
2024 05 11 18 44 00    12.82  -13.52    7.76   -6.96    5.06   -6.56    7.16   -7.80    3.61   -3.09    3.55   -4.72
2024 05 11 18 46 00    12.94  -13.40    7.91   -7.28    5.03   -6.12    7.07   -7.70    3.45   -2.87    3.62   -4.83
2024 05 11 18 48 00    12.96  -13.24    7.77   -7.07    5.19   -6.17    6.48   -7.04    3.27   -2.72    3.21   -4.32
2024 05 11 18 50 00    11.12  -11.50    6.34   -5.79    4.77   -5.71    6.04   -6.17    3.36   -2.71    2.69   -3.46
2024 05 11 18 52 00    10.74  -11.12    6.25   -5.56    4.49   -5.57    5.82   -5.99    3.35   -2.60    2.46   -3.38
2024 05 11 18 54 00    11.36  -11.22    7.39   -6.46    3.97   -4.76    5.66   -5.79    3.16   -2.60    2.49   -3.19
2024 05 11 18 56 00     9.21   -9.24    5.60   -4.70    3.61   -4.54    5.11   -5.48    2.68   -2.20    2.43   -3.27
2024 05 11 18 58 00     9.13   -9.00    5.45   -4.27    3.68   -4.73    5.01   -5.12    2.55   -1.92    2.46   -3.21
2024 05 11 19 00 00     9.17   -9.41    5.74   -4.70    3.43   -4.71    4.18   -4.45    2.37   -1.85    1.81   -2.60
2024 05 11 19 02 00     9.37   -9.83    5.85   -5.15    3.52   -4.68    4.59   -4.90    2.62   -2.26    1.97   -2.64
2024 05 11 19 04 00     8.62   -8.90    5.19   -4.32    3.43   -4.58    5.00   -5.46    2.87   -2.65    2.13   -2.81
2024 05 11 19 06 00     8.93   -9.04    5.17   -4.47    3.76   -4.57    5.25   -5.61    2.90   -2.71    2.35   -2.90
2024 05 11 19 08 00     8.82   -9.16    4.95   -4.43    3.87   -4.73    5.03   -5.32    3.03   -2.86    2.01   -2.46
2024 05 11 19 10 00     9.54   -9.76    5.48   -4.89    4.06   -4.87    5.18   -5.67    3.01   -3.06    2.17   -2.61
2024 05 11 19 12 00    11.83  -11.94    7.13   -6.67    4.70   -5.27    5.28   -5.91    3.29   -3.26    2.00   -2.66
2024 05 11 19 14 00    12.17  -12.52    7.17   -7.04    5.01   -5.48    5.47   -5.77    3.17   -3.06    2.30   -2.71
2024 05 11 19 16 00    12.12  -12.14    7.62   -7.30    4.50   -4.84    5.42   -5.78    3.09   -2.98    2.32   -2.80
2024 05 11 19 18 00    12.08  -12.23    7.84   -7.74    4.25   -4.49    5.75   -6.24    3.20   -3.25    2.54   -2.99
2024 05 11 19 20 00    11.54  -11.73    7.41   -7.59    4.12   -4.14    6.32   -6.49    3.47   -3.22    2.85   -3.27
2024 05 11 19 22 00    11.20  -11.17    7.69   -7.21    3.51   -3.96    6.10   -6.29    3.59   -3.27    2.51   -3.02
2024 05 11 19 24 00    11.82  -11.78    7.70   -7.52    4.12   -4.26    5.58   -5.94    3.06   -2.94    2.52   -2.99
2024 05 11 19 26 00    11.66  -11.48    7.85   -7.35    3.81   -4.13    6.17   -6.64    3.72   -3.55    2.45   -3.09
2024 05 11 19 28 00    10.94  -10.98    7.54   -7.20    3.40   -3.78    6.42   -6.60    3.76   -3.36    2.66   -3.24
2024 05 11 19 30 00    10.49  -10.49    7.24   -6.91    3.25   -3.58    6.21   -6.29    3.83   -3.50    2.38   -2.79
2024 05 11 19 32 00     9.99  -10.01    6.99   -6.53    3.01   -3.48    6.40   -6.40    3.74   -3.30    2.65   -3.10
2024 05 11 19 34 00     8.07   -7.98    5.12   -4.57    2.95   -3.41    5.64   -5.90    3.25   -2.99    2.39   -2.91
2024 05 11 19 36 00     7.54   -7.51    4.84   -4.27    2.70   -3.24    5.95   -6.29    3.28   -2.98    2.66   -3.32
2024 05 11 19 38 00     8.15   -7.80    5.49   -4.77    2.66   -3.03    5.17   -5.42    3.03   -2.57    2.15   -2.85
2024 05 11 19 40 00     8.30   -7.87    5.92   -5.12    2.38   -2.75    5.64   -5.78    3.51   -3.11    2.14   -2.67
2024 05 11 19 42 00     8.89   -8.82    6.11   -5.46    2.78   -3.37    5.26   -5.40    3.21   -2.73    2.04   -2.67
2024 05 11 19 44 00     8.71   -8.55    5.78   -5.08    2.93   -3.48    5.33   -5.50    2.94   -2.46    2.38   -3.05
2024 05 11 19 46 00     8.25   -8.63    5.50   -5.11    2.76   -3.52    5.14   -5.01    3.11   -2.42    2.03   -2.59
2024 05 11 19 48 00     8.19   -8.51    5.29   -4.72    2.90   -3.78    4.77   -4.80    2.75   -2.19    2.01   -2.61
2024 05 11 19 50 00     8.25   -8.50    5.30   -4.59    2.95   -3.91    4.18   -4.18    2.47   -1.87    1.71   -2.32
2024 05 11 19 52 00     8.44   -8.60    5.41   -4.66    3.04   -3.93    4.38   -4.08    2.97   -2.16    1.41   -1.92
2024 05 11 19 54 00     8.86   -8.91    6.13   -5.31    2.74   -3.59    4.90   -4.68    3.41   -2.44    1.49   -2.23
2024 05 11 19 56 00     9.20   -9.39    6.46   -5.72    2.74   -3.68    5.06   -4.78    3.48   -2.50    1.58   -2.28
2024 05 11 19 58 00     8.51   -8.74    5.75   -5.11    2.76   -3.63    4.63   -4.67    3.19   -2.32    1.44   -2.35
2024 05 11 20 00 00     8.92   -9.46    6.10   -5.56    2.83   -3.91    5.24   -5.08    3.57   -2.57    1.66   -2.51
2024 05 11 20 02 00     8.96   -8.96    6.19   -5.47    2.77   -3.49    5.33   -5.05    3.72   -2.60    1.61   -2.45
2024 05 11 20 04 00     8.22   -8.30    5.40   -4.76    2.81   -3.54    4.75   -4.67    3.23   -2.18    1.52   -2.49
2024 05 11 20 06 00     8.36   -8.44    5.34   -4.79    3.01   -3.65    5.32   -5.27    3.58   -2.50    1.74   -2.77
2024 05 11 20 08 00     7.69   -8.10    4.86   -4.50    2.83   -3.60    4.87   -4.84    3.09   -1.90    1.77   -2.94
2024 05 11 20 10 00     8.09   -8.46    5.00   -4.79    3.09   -3.67    5.46   -5.68    3.71   -2.46    1.75   -3.22
2024 05 11 20 12 00     8.58   -8.67    5.33   -4.80    3.25   -3.87    5.85   -6.22    4.07   -2.88    1.79   -3.33
2024 05 11 20 14 00     8.03   -8.43    4.97   -4.66    3.06   -3.76    6.13   -6.21    4.35   -3.04    1.78   -3.17
2024 05 11 20 16 00     8.13   -8.38    5.21   -4.56    2.92   -3.81    5.78   -5.94    3.96   -2.84    1.82   -3.10
2024 05 11 20 18 00     7.69   -7.76    5.16   -4.46    2.52   -3.30    5.53   -5.59    4.13   -2.91    1.40   -2.68
2024 05 11 20 20 00     6.89   -7.05    4.80   -4.07    2.08   -2.99    5.15   -5.12    3.82   -2.73    1.33   -2.38
2024 05 11 20 22 00     6.17   -5.91    4.46   -3.67    1.71   -2.24    5.26   -5.17    3.78   -2.62    1.47   -2.55
2024 05 11 20 24 00     5.91   -6.11    4.13   -3.65    1.78   -2.45    5.37   -5.48    3.82   -2.82    1.55   -2.66
2024 05 11 20 26 00     6.07   -5.95    4.52   -4.06    1.55   -1.89    5.05   -5.48    3.56   -2.91    1.49   -2.57
2024 05 11 20 28 00     6.34   -6.28    4.47   -4.02    1.87   -2.26    5.32   -5.85    3.70   -3.18    1.62   -2.67
2024 05 11 20 30 00     6.44   -6.60    4.69   -4.24    1.75   -2.36    4.97   -5.47    3.35   -3.02    1.61   -2.45
2024 05 11 20 32 00     6.29   -6.52    4.37   -3.96    1.92   -2.56    5.72   -6.47    3.79   -3.58    1.93   -2.89
2024 05 11 20 34 00     7.24   -7.24    4.59   -3.98    2.65   -3.27    6.34   -7.28    3.78   -3.81    2.56   -3.47
2024 05 11 20 36 00     8.21   -8.59    5.15   -4.67    3.06   -3.92    7.09   -7.67    3.60   -3.56    3.48   -4.11
2024 05 11 20 38 00     8.82   -8.92    5.56   -4.97    3.27   -3.95    7.40   -8.30    3.98   -4.06    3.42   -4.24
2024 05 11 20 40 00     9.43   -9.47    5.53   -4.90    3.91   -4.57    8.09   -8.82    4.06   -4.22    4.03   -4.60
2024 05 11 20 42 00    10.24  -10.01    5.79   -5.07    4.45   -4.94    7.92   -9.05    4.14   -4.38    3.78   -4.67
2024 05 11 20 44 00    10.52  -10.34    5.86   -5.13    4.66   -5.21    7.62   -8.84    3.74   -4.01    3.88   -4.83
2024 05 11 20 46 00    10.49  -10.30    6.10   -5.25    4.38   -5.05    7.98   -8.99    4.10   -4.12    3.88   -4.87
2024 05 11 20 48 00    10.39  -10.12    6.14   -5.14    4.26   -4.98    8.50   -9.54    4.58   -4.48    3.92   -5.06
2024 05 11 20 50 00    10.45  -10.71    6.08   -5.24    4.36   -5.47   10.08  -11.06    4.45   -4.39    5.63   -6.67
2024 05 11 20 52 00    11.60  -11.73    6.61   -5.71    4.99   -6.02   10.05  -11.07    4.12   -4.05    5.93   -7.02
2024 05 11 20 54 00    11.41  -11.32    6.42   -5.29    4.99   -6.03   10.66  -11.58    4.87   -4.48    5.80   -7.10
2024 05 11 20 56 00    12.24  -12.17    6.75   -5.54    5.49   -6.64    9.87  -10.79    4.63   -4.28    5.24   -6.52
2024 05 11 20 58 00    12.16  -12.10    6.87   -5.68    5.29   -6.42    9.75  -11.04    4.67   -4.62    5.09   -6.42
2024 05 11 21 00 00    12.01  -11.81    7.21   -5.96    4.80   -5.85   10.10  -11.14    4.78   -4.57    5.32   -6.57
2024 05 11 21 02 00    11.42  -11.18    6.82   -5.74    4.60   -5.44    8.76   -9.87    4.76   -4.45    4.00   -5.42
2024 05 11 21 04 00    10.69  -10.61    6.62   -5.44    4.07   -5.17    9.08   -9.83    4.52   -4.13    4.55   -5.70
2024 05 11 21 06 00    10.85  -10.69    6.40   -5.11    4.45   -5.58    9.89  -10.71    4.41   -4.16    5.48   -6.55
2024 05 11 21 08 00    12.20  -12.15    6.55   -5.29    5.65   -6.86    8.33   -8.96    4.15   -3.41    4.18   -5.55
2024 05 11 21 10 00    11.96  -11.69    6.82   -5.44    5.14   -6.25    8.55   -9.15    4.32   -3.71    4.22   -5.44
2024 05 11 21 12 00    11.24  -10.97    6.31   -4.86    4.93   -6.11    9.20   -9.38    4.63   -3.63    4.57   -5.75
2024 05 11 21 14 00    10.59  -10.33    5.98   -4.26    4.61   -6.07    8.73   -9.21    4.47   -3.60    4.26   -5.60
2024 05 11 21 16 00    10.55  -10.58    6.25   -4.84    4.29   -5.74    8.30   -8.49    4.37   -3.10    3.93   -5.39
2024 05 11 21 18 00    10.59  -10.67    6.60   -5.09    3.99   -5.58    8.11   -8.21    4.76   -3.35    3.36   -4.86
2024 05 11 21 20 00    11.78  -11.36    7.44   -5.78    4.34   -5.58    8.03   -8.31    4.75   -3.42    3.28   -4.89
2024 05 11 21 22 00    11.58  -11.23    7.24   -5.68    4.34   -5.55    8.57   -8.75    5.39   -3.93    3.19   -4.81
2024 05 11 21 24 00    11.18  -10.83    6.86   -5.41    4.32   -5.42    8.66   -8.59    5.50   -3.61    3.16   -4.99
2024 05 11 21 26 00    11.05  -10.65    7.03   -5.60    4.03   -5.04    7.28   -7.47    4.61   -3.04    2.67   -4.43
2024 05 11 21 28 00    10.16  -10.14    6.39   -5.30    3.77   -4.84    7.49   -7.33    4.68   -3.08    2.81   -4.25
2024 05 11 21 30 00     9.99   -9.87    6.66   -5.42    3.34   -4.45    7.77   -7.46    4.73   -3.17    3.04   -4.29
2024 05 11 21 32 00     9.50   -9.07    6.02   -4.58    3.48   -4.49    7.25   -7.36    4.24   -3.05    3.01   -4.30
2024 05 11 21 34 00     9.26   -8.96    5.45   -4.43    3.81   -4.54    7.07   -7.07    4.04   -2.99    3.04   -4.08
2024 05 11 21 36 00    10.03   -9.93    6.29   -5.41    3.74   -4.52    6.84   -7.06    3.72   -2.84    3.12   -4.22
2024 05 11 21 38 00    10.02   -9.72    6.44   -5.54    3.59   -4.19    7.15   -7.07    4.03   -3.11    3.12   -3.96
2024 05 11 21 40 00     9.20   -8.68    5.78   -4.94    3.42   -3.74    5.65   -5.59    3.08   -2.41    2.56   -3.18
2024 05 11 21 42 00     8.57   -8.42    5.28   -4.70    3.29   -3.72    4.93   -5.01    2.55   -1.94    2.38   -3.07
2024 05 11 21 44 00     9.07   -9.00    5.46   -4.96    3.60   -4.04    4.35   -4.52    2.08   -1.57    2.27   -2.95
2024 05 11 21 46 00     8.55   -8.52    4.97   -4.54    3.58   -3.98    4.73   -4.78    2.49   -1.86    2.24   -2.92
2024 05 11 21 48 00     8.23   -8.33    4.75   -4.71    3.49   -3.61    4.64   -4.90    2.36   -1.84    2.29   -3.05
2024 05 11 21 50 00     8.14   -8.09    5.08   -5.01    3.06   -3.08    4.18   -4.36    2.28   -1.70    1.91   -2.66
2024 05 11 21 52 00     7.86   -7.81    4.95   -4.87    2.91   -2.94    4.35   -4.45    2.29   -1.62    2.06   -2.83
2024 05 11 21 54 00     7.53   -7.65    4.68   -4.62    2.86   -3.03    4.38   -4.23    2.58   -1.68    1.80   -2.55
2024 05 11 21 56 00     7.41   -7.40    4.48   -4.32    2.93   -3.08    4.01   -4.14    2.36   -1.60    1.65   -2.54
2024 05 11 21 58 00     7.65   -7.53    4.87   -4.52    2.78   -3.01    4.01   -4.19    2.31   -1.58    1.71   -2.60
2024 05 11 22 00 00     8.16   -8.16    5.40   -5.03    2.76   -3.13    4.35   -4.23    2.40   -1.48    1.95   -2.75
2024 05 11 22 02 00     8.21   -8.37    5.39   -4.90    2.83   -3.47    4.74   -4.60    2.50   -1.48    2.24   -3.13
2024 05 11 22 04 00     7.96   -8.10    5.39   -4.97    2.57   -3.13    4.59   -4.23    2.71   -1.60    1.88   -2.63
2024 05 11 22 06 00     7.73   -7.91    5.44   -5.01    2.29   -2.90    4.66   -4.46    2.68   -1.73    1.97   -2.72
2024 05 11 22 08 00     7.19   -7.52    5.11   -4.60    2.09   -2.91    4.40   -4.46    2.57   -1.80    1.83   -2.66
2024 05 11 22 10 00     6.88   -7.12    5.03   -4.56    1.85   -2.56    4.73   -4.74    2.75   -1.98    1.98   -2.76
2024 05 11 22 12 00     6.41   -6.86    4.50   -4.04    1.91   -2.82    3.99   -4.00    2.31   -1.58    1.68   -2.42
2024 05 11 22 14 00     6.22   -6.30    4.37   -3.96    1.85   -2.33    3.84   -3.92    2.09   -1.41    1.75   -2.51
2024 05 11 22 16 00     5.89   -6.05    4.20   -3.82    1.69   -2.23    4.21   -4.19    2.42   -1.66    1.79   -2.53
2024 05 11 22 18 00     6.38   -6.55    4.25   -3.70    2.13   -2.85    4.22   -4.20    2.53   -1.61    1.70   -2.59
2024 05 11 22 20 00     6.78   -6.63    4.60   -3.87    2.19   -2.76    3.73   -3.79    2.15   -1.37    1.58   -2.43
2024 05 11 22 22 00     7.02   -7.01    4.73   -4.12    2.30   -2.88    3.83   -3.85    2.11   -1.44    1.72   -2.41
2024 05 11 22 24 00     6.63   -6.68    4.33   -3.87    2.31   -2.81    3.58   -3.61    1.94   -1.32    1.64   -2.29
2024 05 11 22 26 00     6.26   -6.07    4.10   -3.54    2.16   -2.53    3.61   -3.60    1.96   -1.45    1.65   -2.14
2024 05 11 22 28 00     5.87   -6.03    3.96   -3.49    1.91   -2.53    3.62   -3.62    2.04   -1.58    1.58   -2.04
2024 05 11 22 30 00     6.12   -6.26    4.21   -3.70    1.91   -2.56    3.63   -3.48    2.09   -1.62    1.54   -1.86
2024 05 11 22 32 00     5.99   -6.18    4.23   -3.68    1.76   -2.50    3.57   -3.62    1.98   -1.63    1.59   -2.00
2024 05 11 22 34 00     5.64   -5.78    3.97   -3.55    1.67   -2.23    3.32   -3.47    1.65   -1.52    1.67   -1.95
2024 05 11 22 36 00     5.79   -5.95    3.94   -3.72    1.86   -2.23    3.29   -3.35    1.79   -1.57    1.50   -1.78
2024 05 11 22 38 00     5.34   -5.71    3.54   -3.37    1.80   -2.35    3.78   -3.93    2.37   -1.91    1.40   -2.02
2024 05 11 22 40 00     5.69   -5.87    3.61   -3.25    2.08   -2.61    3.32   -3.24    1.97   -1.32    1.35   -1.92
2024 05 11 22 42 00     5.62   -5.60    3.55   -3.29    2.07   -2.31    3.13   -3.20    1.84   -1.51    1.29   -1.69
2024 05 11 22 44 00     6.03   -5.78    4.11   -3.63    1.92   -2.15    3.52   -3.48    1.94   -1.64    1.58   -1.84
2024 05 11 22 46 00     5.53   -5.61    3.73   -3.57    1.80   -2.04    3.48   -3.49    1.89   -1.51    1.59   -1.98
2024 05 11 22 48 00     5.39   -5.30    3.57   -3.37    1.82   -1.93    3.52   -3.34    1.96   -1.54    1.56   -1.80
2024 05 11 22 50 00     4.93   -5.03    3.30   -3.31    1.63   -1.72    3.36   -3.28    1.84   -1.50    1.52   -1.77
2024 05 11 22 52 00     4.89   -4.85    3.41   -3.27    1.49   -1.59    2.93   -3.02    1.64   -1.33    1.29   -1.69
2024 05 11 22 54 00     4.29   -4.42    2.99   -3.07    1.30   -1.35    3.04   -2.81    1.77   -1.34    1.27   -1.46
2024 05 11 22 56 00     4.16   -4.36    2.80   -2.94    1.36   -1.42    2.87   -2.57    1.55   -1.07    1.32   -1.49
2024 05 11 22 58 00     4.06   -4.27    2.72   -2.88    1.33   -1.39    2.99   -2.92    1.77   -1.44    1.21   -1.48
2024 05 11 23 00 00     4.25   -4.11    2.82   -2.79    1.43   -1.32    3.03   -2.73    1.92   -1.33    1.11   -1.41
2024 05 11 23 02 00     3.87   -3.98    2.69   -2.80    1.18   -1.18    2.61   -2.29    1.64   -1.02    0.98   -1.27
2024 05 11 23 04 00     3.94   -3.99    2.84   -2.75    1.10   -1.23    2.46   -1.89    1.52   -0.83    0.94   -1.07
2024 05 11 23 06 00     3.77   -3.86    2.64   -2.65    1.14   -1.21    1.97   -1.47    1.08   -0.50    0.89   -0.97
2024 05 11 23 08 00     3.32   -3.76    2.48   -2.64    0.83   -1.12    2.01   -1.45    1.17   -0.51    0.83   -0.94
2024 05 11 23 10 00     3.34   -3.77    2.46   -2.61    0.89   -1.16    1.73   -1.33    0.94   -0.52    0.79   -0.81
2024 05 11 23 12 00     3.40   -3.81    2.50   -2.71    0.90   -1.09    1.81   -1.47    1.08   -0.58    0.73   -0.89
2024 05 11 23 14 00     4.08   -4.20    2.94   -3.04    1.14   -1.16    2.11   -1.55    1.28   -0.68    0.83   -0.87
2024 05 11 23 16 00     3.89   -4.02    2.78   -2.84    1.11   -1.18    2.21   -1.67    1.44   -0.76    0.77   -0.91
2024 05 11 23 18 00     3.75   -4.09    2.88   -2.95    0.87   -1.14    2.60   -1.98    1.72   -0.98    0.89   -1.00
2024 05 11 23 20 00     4.24   -4.32    3.26   -3.21    0.98   -1.12    2.46   -1.94    1.69   -1.01    0.77   -0.94
2024 05 11 23 22 00     3.78   -4.09    2.81   -2.92    0.97   -1.17    2.67   -1.86    1.94   -1.09    0.73   -0.77
2024 05 11 23 24 00     4.16   -4.63    3.25   -3.30    0.92   -1.33    1.62   -1.33    1.11   -0.64    0.52   -0.70
2024 05 11 23 26 00     3.91   -4.31    2.88   -2.96    1.03   -1.35    1.63   -1.43    1.10   -0.80    0.52   -0.63
2024 05 11 23 28 00     4.01   -4.38    3.03   -3.02    0.98   -1.37    2.33   -2.01    1.52   -1.16    0.81   -0.85
2024 05 11 23 30 00     4.04   -4.39    3.15   -3.06    0.89   -1.32    2.56   -2.31    1.68   -1.30    0.88   -1.01
2024 05 11 23 32 00     4.70   -5.16    3.61   -3.63    1.09   -1.54    2.75   -2.33    1.91   -1.43    0.83   -0.90
2024 05 11 23 34 00     4.50   -4.56    3.63   -3.46    0.87   -1.10    2.48   -2.13    1.51   -1.23    0.97   -0.90
2024 05 11 23 36 00     5.28   -5.13    3.99   -3.73    1.29   -1.40    2.70   -2.43    1.66   -1.28    1.04   -1.14
2024 05 11 23 38 00     4.75   -4.74    3.71   -3.49    1.04   -1.26    2.49   -2.12    1.60   -1.06    0.89   -1.06
2024 05 11 23 40 00     4.15   -4.32    3.23   -3.02    0.91   -1.29    2.16   -1.91    1.33   -1.04    0.83   -0.87
2024 05 11 23 42 00     3.80   -4.05    2.96   -2.88    0.84   -1.17    2.09   -1.66    1.26   -0.74    0.83   -0.92
2024 05 11 23 44 00     3.82   -4.09    3.00   -2.95    0.83   -1.14    2.35   -1.80    1.40   -0.85    0.95   -0.95
2024 05 11 23 46 00     3.66   -3.94    3.00   -2.89    0.67   -1.05    2.11   -1.53    1.16   -0.73    0.95   -0.80
2024 05 11 23 48 00     3.89   -3.96    3.17   -2.89    0.72   -1.07    2.30   -1.73    1.23   -0.70    1.08   -1.03
2024 05 11 23 50 00     4.24   -4.20    3.40   -3.17    0.84   -1.03    2.51   -2.07    1.37   -0.88    1.14   -1.19
2024 05 11 23 52 00     4.25   -4.47    3.54   -3.24    0.72   -1.22    2.25   -1.81    1.27   -0.83    0.97   -0.98
2024 05 11 23 54 00     4.16   -4.51    3.44   -3.17    0.72   -1.33    2.32   -2.14    1.29   -0.93    1.02   -1.21
2024 05 11 23 56 00     4.14   -4.12    3.15   -2.75    1.00   -1.37    2.36   -2.11    1.34   -0.98    1.03   -1.13
2024 05 11 23 58 00     3.68   -3.78    2.84   -2.53    0.84   -1.25    1.90   -1.95    1.05   -1.05    0.84   -0.90
