year, month, day, hour, minute, second, I total up North [MA], I total down North [MA], I day up North [MA], I day down North [MA], I night up North [MA], I night down North [MA], I total up South [MA], I total down South [MA], I day up South [MA], I day down South [MA], I night up South [MA], I night down South [MA]
2024 05 10 00 00 00     2.37   -2.15    1.74   -1.42    0.63   -0.73    1.61   -1.59    0.71   -0.75    0.90   -0.84
2024 05 10 00 02 00     2.39   -2.37    1.66   -1.50    0.73   -0.87    1.73   -1.63    0.80   -0.76    0.93   -0.86
2024 05 10 00 04 00     2.54   -2.45    1.85   -1.64    0.68   -0.81    1.81   -1.53    0.82   -0.72    0.99   -0.81
2024 05 10 00 06 00     2.70   -2.50    1.92   -1.63    0.78   -0.86    1.97   -1.67    0.80   -0.71    1.17   -0.96
2024 05 10 00 08 00     2.68   -2.54    2.02   -1.72    0.66   -0.82    1.75   -1.47    0.64   -0.55    1.10   -0.92
2024 05 10 00 10 00     2.60   -2.82    2.05   -1.84    0.55   -0.97    1.90   -1.70    0.71   -0.63    1.19   -1.07
2024 05 10 00 12 00     2.77   -3.10    1.85   -1.69    0.92   -1.41    1.98   -1.67    0.76   -0.65    1.22   -1.02
2024 05 10 00 14 00     2.63   -3.14    1.72   -1.75    0.92   -1.39    1.83   -1.56    0.72   -0.58    1.11   -0.98
2024 05 10 00 16 00     2.66   -3.06    1.70   -1.70    0.96   -1.37    1.83   -1.54    0.72   -0.56    1.11   -0.98
2024 05 10 00 18 00     2.65   -3.04    1.75   -1.75    0.90   -1.29    1.77   -1.35    0.63   -0.42    1.14   -0.93
2024 05 10 00 20 00     2.59   -2.92    1.64   -1.55    0.95   -1.37    1.82   -1.28    0.66   -0.35    1.17   -0.93
2024 05 10 00 22 00     2.33   -2.58    1.43   -1.29    0.90   -1.29    1.79   -1.36    0.67   -0.45    1.12   -0.90
2024 05 10 00 24 00     2.22   -2.36    1.44   -1.17    0.78   -1.19    1.80   -1.17    0.69   -0.34    1.11   -0.83
2024 05 10 00 26 00     2.70   -2.89    1.44   -1.22    1.26   -1.68    1.70   -1.25    0.57   -0.38    1.13   -0.87
2024 05 10 00 28 00     2.70   -2.86    1.28   -0.98    1.42   -1.88    1.71   -1.33    0.52   -0.40    1.20   -0.93
2024 05 10 00 30 00     2.50   -2.51    1.26   -0.88    1.24   -1.62    1.74   -1.31    0.52   -0.36    1.22   -0.95
2024 05 10 00 32 00     2.53   -2.58    1.26   -0.90    1.27   -1.68    1.57   -1.39    0.49   -0.38    1.08   -1.02
2024 05 10 00 34 00     2.49   -2.60    1.13   -0.85    1.36   -1.75    1.76   -1.59    0.60   -0.47    1.16   -1.12
2024 05 10 00 36 00     2.84   -2.74    1.43   -1.08    1.41   -1.65    1.55   -1.65    0.43   -0.45    1.12   -1.21
2024 05 10 00 38 00     2.73   -2.70    1.52   -1.28    1.20   -1.42    1.83   -1.72    0.77   -0.56    1.06   -1.17
2024 05 10 00 40 00     2.62   -2.48    1.60   -1.29    1.02   -1.19    1.80   -1.73    0.80   -0.56    1.01   -1.17
2024 05 10 00 42 00     2.80   -2.76    1.68   -1.38    1.12   -1.38    1.53   -1.51    0.70   -0.61    0.82   -0.89
2024 05 10 00 44 00     2.81   -2.83    1.70   -1.43    1.11   -1.41    1.58   -1.57    0.75   -0.60    0.83   -0.97
2024 05 10 00 46 00     2.92   -2.94    1.59   -1.30    1.33   -1.64    1.75   -1.62    0.84   -0.60    0.92   -1.02
2024 05 10 00 48 00     3.05   -3.11    1.70   -1.41    1.35   -1.69    1.89   -1.66    0.85   -0.62    1.04   -1.03
2024 05 10 00 50 00     2.73   -2.63    1.46   -1.16    1.27   -1.47    1.88   -1.71    0.89   -0.63    0.99   -1.09
2024 05 10 00 52 00     2.75   -2.66    1.46   -1.15    1.29   -1.51    1.68   -1.56    0.85   -0.54    0.83   -1.01
2024 05 10 00 54 00     2.87   -2.60    1.69   -1.22    1.18   -1.39    1.72   -1.65    0.78   -0.57    0.94   -1.08
2024 05 10 00 56 00     2.98   -2.64    1.69   -1.28    1.29   -1.35    1.85   -1.86    0.95   -0.82    0.90   -1.04
2024 05 10 00 58 00     3.34   -2.97    1.84   -1.27    1.50   -1.69    1.84   -1.69    0.84   -0.70    0.99   -0.99
2024 05 10 01 00 00     3.19   -3.08    1.70   -1.34    1.49   -1.74    2.07   -1.80    0.90   -0.72    1.17   -1.08
2024 05 10 01 02 00     3.31   -3.23    1.74   -1.45    1.56   -1.79    2.10   -1.90    0.85   -0.75    1.25   -1.15
2024 05 10 01 04 00     3.35   -3.45    1.81   -1.60    1.53   -1.85    2.39   -2.21    0.94   -0.87    1.44   -1.34
2024 05 10 01 06 00     3.52   -3.43    1.96   -1.59    1.56   -1.84    2.44   -2.50    1.05   -1.09    1.39   -1.41
2024 05 10 01 08 00     3.50   -3.45    1.75   -1.58    1.75   -1.86    2.64   -2.64    1.02   -0.97    1.62   -1.67
2024 05 10 01 10 00     3.40   -3.39    1.74   -1.46    1.65   -1.93    2.69   -2.57    1.01   -1.05    1.68   -1.52
2024 05 10 01 12 00     3.58   -3.55    1.80   -1.47    1.78   -2.08    3.14   -2.77    1.20   -1.18    1.94   -1.59
2024 05 10 01 14 00     3.60   -3.78    1.88   -1.71    1.72   -2.07    2.89   -2.71    1.22   -1.20    1.68   -1.51
2024 05 10 01 16 00     3.78   -3.93    2.01   -1.78    1.77   -2.15    2.68   -2.62    1.14   -1.13    1.54   -1.49
2024 05 10 01 18 00     4.31   -4.37    2.17   -1.87    2.14   -2.51    2.54   -2.44    1.15   -1.07    1.39   -1.37
2024 05 10 01 20 00     4.23   -4.43    1.95   -1.74    2.28   -2.69    2.95   -2.85    1.32   -1.15    1.63   -1.70
2024 05 10 01 22 00     4.04   -4.16    2.04   -1.71    2.00   -2.44    2.76   -2.99    1.41   -1.38    1.35   -1.61
2024 05 10 01 24 00     4.13   -4.17    2.02   -1.64    2.12   -2.52    2.79   -2.96    1.46   -1.45    1.33   -1.51
2024 05 10 01 26 00     3.90   -4.03    1.93   -1.62    1.98   -2.41    2.73   -2.75    1.35   -1.30    1.38   -1.45
2024 05 10 01 28 00     3.98   -3.95    1.87   -1.42    2.11   -2.53    2.63   -2.68    1.35   -1.28    1.28   -1.41
2024 05 10 01 30 00     3.98   -3.94    1.72   -1.44    2.26   -2.51    2.58   -2.59    1.22   -1.14    1.37   -1.46
2024 05 10 01 32 00     4.13   -4.04    1.77   -1.48    2.36   -2.56    2.48   -2.23    1.15   -1.07    1.33   -1.17
2024 05 10 01 34 00     4.08   -4.30    1.85   -1.72    2.23   -2.58    2.71   -2.10    1.18   -1.03    1.53   -1.07
2024 05 10 01 36 00     4.33   -4.49    2.09   -1.73    2.24   -2.76    2.92   -2.71    1.18   -1.25    1.74   -1.46
2024 05 10 01 38 00     4.29   -4.38    2.14   -1.86    2.14   -2.52    2.91   -2.87    1.33   -1.34    1.58   -1.53
2024 05 10 01 40 00     3.83   -4.01    1.95   -1.78    1.88   -2.23    3.11   -2.96    1.48   -1.45    1.63   -1.51
2024 05 10 01 42 00     3.93   -4.08    2.00   -1.83    1.92   -2.26    3.04   -2.98    1.28   -1.29    1.76   -1.69
2024 05 10 01 44 00     3.74   -3.91    1.87   -1.87    1.87   -2.03    3.17   -3.21    1.28   -1.43    1.89   -1.78
2024 05 10 01 46 00     3.72   -3.75    2.01   -1.93    1.71   -1.82    3.02   -3.03    1.28   -1.34    1.74   -1.69
2024 05 10 01 48 00     3.68   -3.74    2.01   -1.95    1.67   -1.80    2.85   -2.71    1.17   -1.15    1.68   -1.56
2024 05 10 01 50 00     3.53   -3.74    2.03   -1.96    1.50   -1.78    2.81   -2.80    1.09   -1.12    1.72   -1.67
2024 05 10 01 52 00     3.66   -3.88    2.07   -2.00    1.60   -1.88    2.86   -2.82    0.89   -1.04    1.97   -1.78
2024 05 10 01 54 00     3.38   -3.55    2.03   -1.98    1.36   -1.56    2.81   -2.76    0.95   -0.99    1.85   -1.77
2024 05 10 01 56 00     3.47   -3.67    1.90   -1.91    1.58   -1.76    3.01   -2.86    0.99   -1.06    2.02   -1.79
2024 05 10 01 58 00     3.14   -3.36    1.88   -1.86    1.25   -1.50    2.87   -2.83    0.83   -1.15    2.05   -1.68
2024 05 10 02 00 00     3.34   -3.43    1.84   -1.88    1.50   -1.55    2.70   -2.57    0.87   -1.18    1.83   -1.39
2024 05 10 02 02 00     3.10   -3.23    1.82   -1.83    1.28   -1.40    2.80   -2.73    0.97   -1.24    1.83   -1.49
2024 05 10 02 04 00     2.94   -3.10    1.77   -1.82    1.18   -1.29    2.86   -2.38    1.00   -1.06    1.85   -1.33
2024 05 10 02 06 00     2.93   -3.05    1.61   -1.66    1.32   -1.39    2.63   -2.29    0.91   -0.91    1.72   -1.38
2024 05 10 02 08 00     2.65   -2.99    1.63   -1.76    1.02   -1.23    2.45   -2.30    0.84   -0.93    1.61   -1.37
2024 05 10 02 10 00     2.46   -2.71    1.53   -1.62    0.93   -1.09    1.85   -1.90    0.61   -0.71    1.24   -1.19
2024 05 10 02 12 00     2.24   -2.56    1.40   -1.58    0.84   -0.98    1.95   -1.93    0.62   -0.69    1.33   -1.24
2024 05 10 02 14 00     2.13   -2.36    1.31   -1.52    0.82   -0.84    1.95   -1.84    0.63   -0.65    1.33   -1.19
2024 05 10 02 16 00     2.18   -2.33    1.45   -1.61    0.72   -0.72    2.13   -2.02    0.62   -0.70    1.51   -1.31
2024 05 10 02 18 00     2.04   -2.14    1.44   -1.48    0.59   -0.65    2.20   -2.07    0.82   -0.83    1.38   -1.24
2024 05 10 02 20 00     2.37   -2.32    1.69   -1.61    0.68   -0.71    2.13   -2.00    0.78   -0.88    1.36   -1.12
2024 05 10 02 22 00     2.25   -2.19    1.63   -1.57    0.62   -0.62    1.99   -1.91    0.77   -0.85    1.21   -1.06
2024 05 10 02 24 00     1.96   -1.96    1.44   -1.37    0.52   -0.58    1.92   -1.80    0.78   -0.80    1.14   -1.01
2024 05 10 02 26 00     1.97   -2.15    1.42   -1.41    0.55   -0.74    1.57   -1.63    0.59   -0.73    0.98   -0.90
2024 05 10 02 28 00     1.90   -1.96    1.39   -1.28    0.52   -0.67    1.55   -1.43    0.71   -0.62    0.84   -0.80
2024 05 10 02 30 00     1.52   -1.76    1.14   -1.16    0.38   -0.61    1.41   -1.46    0.60   -0.68    0.80   -0.78
2024 05 10 02 32 00     2.03   -2.23    1.57   -1.56    0.45   -0.67    1.30   -1.18    0.55   -0.47    0.74   -0.71
2024 05 10 02 34 00     2.01   -2.22    1.51   -1.51    0.50   -0.71    1.46   -1.19    0.69   -0.58    0.77   -0.61
2024 05 10 02 36 00     2.16   -2.15    1.52   -1.45    0.64   -0.70    1.41   -1.12    0.64   -0.54    0.77   -0.58
2024 05 10 02 38 00     2.20   -2.15    1.62   -1.41    0.58   -0.74    1.32   -1.05    0.60   -0.54    0.72   -0.50
2024 05 10 02 40 00     1.99   -1.89    1.41   -1.20    0.58   -0.69    1.03   -0.96    0.39   -0.51    0.64   -0.46
2024 05 10 02 42 00     1.73   -2.02    1.35   -1.33    0.38   -0.69    1.01   -0.82    0.39   -0.42    0.61   -0.41
2024 05 10 02 44 00     1.60   -2.08    1.22   -1.38    0.38   -0.70    1.11   -0.84    0.54   -0.42    0.57   -0.42
2024 05 10 02 46 00     1.62   -2.02    1.35   -1.41    0.27   -0.61    0.94   -0.80    0.38   -0.34    0.56   -0.46
2024 05 10 02 48 00     1.60   -2.18    1.34   -1.49    0.27   -0.69    1.03   -0.77    0.45   -0.34    0.58   -0.44
2024 05 10 02 50 00     1.59   -1.98    1.37   -1.35    0.22   -0.63    0.98   -0.73    0.46   -0.29    0.52   -0.43
2024 05 10 02 52 00     1.50   -1.83    1.24   -1.24    0.26   -0.59    0.89   -0.51    0.40   -0.22    0.49   -0.30
2024 05 10 02 54 00     1.27   -1.74    1.10   -1.16    0.17   -0.58    0.56   -0.47    0.16   -0.18    0.40   -0.29
2024 05 10 02 56 00     1.38   -1.78    1.15   -1.18    0.23   -0.61    0.79   -0.52    0.30   -0.15    0.49   -0.37
2024 05 10 02 58 00     1.41   -1.86    1.22   -1.19    0.19   -0.67    0.80   -0.56    0.26   -0.21    0.54   -0.35
2024 05 10 03 00 00     1.33   -1.61    1.09   -1.07    0.24   -0.54    0.68   -0.48    0.22   -0.21    0.46   -0.27
2024 05 10 03 02 00     1.24   -1.48    1.01   -0.95    0.24   -0.53    0.81   -0.31    0.33   -0.17    0.48   -0.14
2024 05 10 03 04 00     1.67   -2.03    1.25   -1.25    0.43   -0.79    1.21   -0.67    0.67   -0.50    0.54   -0.16
2024 05 10 03 06 00     1.79   -1.94    1.23   -1.16    0.56   -0.78    1.22   -0.68    0.61   -0.49    0.61   -0.19
2024 05 10 03 08 00     1.67   -1.92    1.23   -1.13    0.45   -0.79    1.34   -0.79    0.67   -0.58    0.66   -0.21
2024 05 10 03 10 00     1.92   -2.22    1.43   -1.34    0.48   -0.88    1.40   -0.69    0.75   -0.54    0.65   -0.15
2024 05 10 03 12 00     1.92   -2.16    1.46   -1.40    0.45   -0.77    1.27   -0.64    0.69   -0.47    0.58   -0.18
2024 05 10 03 14 00     1.80   -2.01    1.44   -1.44    0.36   -0.57    1.43   -0.78    0.70   -0.42    0.73   -0.36
2024 05 10 03 16 00     2.02   -2.30    1.68   -1.70    0.34   -0.59    1.18   -0.62    0.66   -0.36    0.52   -0.26
2024 05 10 03 18 00     2.00   -2.25    1.57   -1.52    0.43   -0.73    1.09   -0.68    0.65   -0.46    0.44   -0.22
2024 05 10 03 20 00     2.41   -2.59    1.95   -1.80    0.46   -0.79    1.44   -1.42    0.99   -1.12    0.45   -0.30
2024 05 10 03 22 00     2.12   -2.44    1.82   -1.76    0.30   -0.68    1.14   -1.38    0.72   -1.02    0.41   -0.36
2024 05 10 03 24 00     2.49   -2.87    2.11   -2.25    0.38   -0.63    1.24   -1.47    0.68   -1.10    0.56   -0.38
2024 05 10 03 26 00     2.58   -2.89    2.06   -2.16    0.52   -0.73    1.42   -1.57    0.87   -1.19    0.55   -0.39
2024 05 10 03 28 00     2.35   -2.51    1.80   -1.89    0.55   -0.62    1.92   -1.84    1.20   -1.35    0.73   -0.49
2024 05 10 03 30 00     2.06   -2.21    1.71   -1.61    0.35   -0.60    2.15   -2.20    1.40   -1.50    0.75   -0.70
2024 05 10 03 32 00     2.23   -2.15    1.88   -1.63    0.35   -0.52    2.45   -2.36    1.53   -1.59    0.92   -0.77
2024 05 10 03 34 00     2.33   -2.43    1.78   -1.62    0.54   -0.80    2.23   -2.14    1.39   -1.38    0.85   -0.76
2024 05 10 03 36 00     2.53   -2.74    1.94   -1.91    0.59   -0.82    2.19   -2.17    1.28   -1.48    0.91   -0.69
2024 05 10 03 38 00     2.53   -2.78    1.88   -1.77    0.64   -1.01    1.88   -1.75    0.99   -1.13    0.89   -0.62
2024 05 10 03 40 00     2.45   -2.57    1.73   -1.61    0.72   -0.96    2.00   -1.91    1.15   -1.20    0.85   -0.71
2024 05 10 03 42 00     2.79   -2.74    1.93   -1.85    0.86   -0.88    2.02   -1.93    1.21   -1.25    0.81   -0.68
2024 05 10 03 44 00     2.75   -2.79    1.96   -1.94    0.80   -0.85    1.94   -2.17    1.15   -1.37    0.79   -0.80
2024 05 10 03 46 00     2.77   -2.91    1.94   -1.93    0.82   -0.97    1.95   -2.16    1.15   -1.30    0.81   -0.86
2024 05 10 03 48 00     2.66   -2.89    1.93   -1.98    0.73   -0.91    1.77   -1.92    0.96   -1.15    0.82   -0.77
2024 05 10 03 50 00     2.83   -2.84    2.09   -2.01    0.74   -0.83    1.82   -2.14    1.04   -1.28    0.78   -0.87
2024 05 10 03 52 00     2.79   -2.79    1.98   -2.01    0.81   -0.78    1.88   -2.05    1.06   -1.24    0.82   -0.80
2024 05 10 03 54 00     3.03   -3.04    2.22   -2.33    0.81   -0.71    1.92   -2.12    1.17   -1.40    0.74   -0.72
2024 05 10 03 56 00     3.04   -2.94    2.18   -2.26    0.86   -0.68    1.87   -2.04    1.19   -1.32    0.68   -0.72
2024 05 10 03 58 00     3.19   -3.13    2.32   -2.34    0.87   -0.79    1.82   -1.98    1.09   -1.17    0.73   -0.81
2024 05 10 04 00 00     3.04   -3.05    2.21   -2.21    0.83   -0.85    1.82   -1.89    1.17   -1.13    0.65   -0.76
2024 05 10 04 02 00     3.26   -3.19    2.26   -2.24    1.00   -0.95    1.98   -1.88    1.13   -1.19    0.85   -0.70
2024 05 10 04 04 00     3.25   -3.14    2.30   -2.24    0.95   -0.90    1.84   -2.03    1.08   -1.32    0.75   -0.71
2024 05 10 04 06 00     3.26   -3.13    2.25   -2.11    1.01   -1.01    1.76   -1.92    0.98   -1.24    0.77   -0.68
2024 05 10 04 08 00     3.32   -3.16    2.20   -2.18    1.12   -0.98    1.82   -2.02    1.03   -1.26    0.79   -0.76
2024 05 10 04 10 00     3.24   -3.08    2.12   -2.07    1.11   -1.01    1.91   -2.11    1.15   -1.39    0.76   -0.72
2024 05 10 04 12 00     3.15   -3.05    2.06   -2.06    1.09   -0.99    1.96   -2.08    1.18   -1.39    0.78   -0.69
2024 05 10 04 14 00     3.40   -3.10    2.13   -2.10    1.27   -1.00    2.01   -2.12    1.19   -1.42    0.82   -0.69
2024 05 10 04 16 00     3.06   -2.67    1.85   -1.83    1.21   -0.84    1.94   -1.95    1.06   -1.22    0.88   -0.73
2024 05 10 04 18 00     3.05   -2.67    1.85   -1.78    1.19   -0.89    1.89   -1.99    0.98   -1.33    0.91   -0.66
2024 05 10 04 20 00     3.01   -2.78    1.91   -1.85    1.10   -0.93    1.96   -1.88    0.93   -1.22    1.02   -0.66
2024 05 10 04 22 00     2.85   -2.72    1.79   -1.77    1.06   -0.96    1.87   -1.87    0.91   -1.27    0.95   -0.60
2024 05 10 04 24 00     2.80   -2.59    1.80   -1.80    1.00   -0.80    1.70   -1.59    0.70   -0.99    1.00   -0.59
2024 05 10 04 26 00     2.77   -2.70    1.73   -1.84    1.04   -0.85    1.97   -1.64    0.80   -1.01    1.17   -0.63
2024 05 10 04 28 00     2.68   -2.62    1.67   -1.72    1.01   -0.90    2.10   -1.71    0.80   -1.02    1.30   -0.69
2024 05 10 04 30 00     2.75   -2.65    1.64   -1.77    1.11   -0.89    1.88   -1.58    0.72   -0.89    1.16   -0.69
2024 05 10 04 32 00     2.57   -2.51    1.53   -1.62    1.04   -0.89    1.84   -1.60    0.64   -0.81    1.20   -0.79
2024 05 10 04 34 00     2.56   -2.69    1.61   -1.80    0.95   -0.89    1.95   -1.64    0.65   -0.81    1.31   -0.83
2024 05 10 04 36 00     2.78   -2.43    1.64   -1.55    1.15   -0.88    2.14   -1.69    0.80   -0.94    1.35   -0.74
2024 05 10 04 38 00     2.77   -2.29    1.62   -1.46    1.15   -0.83    2.12   -1.69    0.74   -0.90    1.38   -0.79
2024 05 10 04 40 00     2.70   -2.32    1.60   -1.47    1.10   -0.85    2.03   -1.71    0.70   -0.84    1.33   -0.87
2024 05 10 04 42 00     2.60   -2.22    1.53   -1.46    1.06   -0.77    2.18   -1.90    0.83   -1.01    1.35   -0.88
2024 05 10 04 44 00     2.31   -2.14    1.45   -1.38    0.87   -0.76    2.11   -1.89    0.83   -1.04    1.28   -0.85
2024 05 10 04 46 00     2.43   -2.22    1.42   -1.33    1.00   -0.89    2.02   -1.76    0.71   -0.93    1.31   -0.82
2024 05 10 04 48 00     2.34   -2.31    1.32   -1.36    1.02   -0.94    1.96   -1.70    0.77   -1.02    1.19   -0.69
2024 05 10 04 50 00     2.26   -2.16    1.30   -1.28    0.96   -0.88    2.03   -1.60    0.78   -0.95    1.25   -0.65
2024 05 10 04 52 00     2.48   -2.39    1.43   -1.35    1.06   -1.04    2.20   -1.81    0.91   -0.99    1.29   -0.81
2024 05 10 04 54 00     2.38   -2.26    1.42   -1.26    0.97   -1.00    2.26   -1.71    0.87   -0.92    1.39   -0.80
2024 05 10 04 56 00     2.65   -2.39    1.46   -1.27    1.19   -1.12    2.13   -1.89    0.72   -1.00    1.41   -0.89
2024 05 10 04 58 00     2.67   -2.39    1.52   -1.33    1.15   -1.06    2.04   -1.85    0.81   -0.98    1.23   -0.87
2024 05 10 05 00 00     2.93   -2.68    1.59   -1.38    1.34   -1.31    2.16   -1.92    0.83   -0.96    1.33   -0.96
2024 05 10 05 02 00     2.78   -2.49    1.55   -1.37    1.23   -1.12    2.29   -2.12    0.74   -0.95    1.54   -1.17
2024 05 10 05 04 00     2.69   -2.55    1.51   -1.45    1.18   -1.10    2.13   -1.84    0.67   -0.84    1.45   -1.00
2024 05 10 05 06 00     2.68   -2.46    1.51   -1.41    1.17   -1.05    2.00   -1.86    0.76   -0.93    1.24   -0.93
2024 05 10 05 08 00     2.57   -2.26    1.50   -1.40    1.06   -0.86    1.99   -1.72    0.76   -0.83    1.23   -0.89
2024 05 10 05 10 00     2.33   -2.13    1.42   -1.32    0.91   -0.81    1.82   -1.70    0.61   -0.69    1.21   -1.01
2024 05 10 05 12 00     2.04   -2.12    1.30   -1.27    0.74   -0.86    1.88   -1.68    0.63   -0.70    1.24   -0.98
2024 05 10 05 14 00     2.15   -2.18    1.34   -1.26    0.82   -0.92    2.00   -1.65    0.68   -0.65    1.33   -1.01
2024 05 10 05 16 00     2.08   -2.11    1.24   -1.22    0.84   -0.89    2.10   -1.90    0.73   -0.79    1.38   -1.11
2024 05 10 05 18 00     2.04   -2.15    1.27   -1.17    0.77   -0.98    2.05   -1.79    0.70   -0.77    1.35   -1.02
2024 05 10 05 20 00     2.12   -2.25    1.25   -1.26    0.88   -0.99    2.07   -1.79    0.63   -0.75    1.45   -1.04
2024 05 10 05 22 00     2.31   -2.31    1.29   -1.19    1.02   -1.11    2.15   -1.89    0.65   -0.76    1.50   -1.13
2024 05 10 05 24 00     2.26   -2.37    1.22   -1.23    1.03   -1.13    2.11   -1.74    0.66   -0.69    1.45   -1.05
2024 05 10 05 26 00     2.20   -2.34    1.24   -1.18    0.96   -1.16    2.05   -1.85    0.69   -0.69    1.36   -1.16
2024 05 10 05 28 00     2.25   -2.33    1.23   -1.24    1.02   -1.09    2.29   -1.90    0.70   -0.68    1.59   -1.22
2024 05 10 05 30 00     2.23   -2.07    1.22   -1.13    1.00   -0.95    2.03   -2.00    0.67   -0.68    1.36   -1.31
2024 05 10 05 32 00     2.26   -2.20    1.17   -1.06    1.10   -1.14    1.97   -2.08    0.68   -0.63    1.29   -1.45
2024 05 10 05 34 00     2.31   -2.32    1.28   -1.17    1.03   -1.14    1.82   -1.90    0.55   -0.47    1.27   -1.42
2024 05 10 05 36 00     2.48   -2.41    1.39   -1.17    1.09   -1.24    2.05   -2.12    0.60   -0.49    1.45   -1.63
2024 05 10 05 38 00     2.42   -2.50    1.29   -1.19    1.12   -1.31    1.91   -1.83    0.54   -0.46    1.36   -1.38
2024 05 10 05 40 00     2.46   -2.62    1.28   -1.16    1.18   -1.46    2.66   -2.46    0.64   -0.64    2.02   -1.82
2024 05 10 05 42 00     2.81   -2.85    1.41   -1.25    1.40   -1.61    2.36   -2.28    0.56   -0.71    1.80   -1.57
2024 05 10 05 44 00     2.81   -2.66    1.54   -1.27    1.27   -1.39    2.42   -2.13    0.63   -0.63    1.78   -1.50
2024 05 10 05 46 00     2.29   -2.00    1.28   -1.07    1.01   -0.92    2.59   -2.35    0.77   -0.80    1.82   -1.54
2024 05 10 05 48 00     2.80   -2.38    1.42   -1.14    1.38   -1.24    2.31   -2.08    0.69   -0.69    1.61   -1.38
2024 05 10 05 50 00     2.54   -2.20    1.34   -1.08    1.21   -1.12    2.55   -2.25    0.78   -0.82    1.77   -1.43
2024 05 10 05 52 00     2.31   -2.18    1.28   -1.12    1.03   -1.06    2.56   -2.19    0.77   -0.74    1.79   -1.44
2024 05 10 05 54 00     2.43   -2.26    1.30   -1.09    1.13   -1.16    2.71   -2.33    0.85   -0.78    1.86   -1.54
2024 05 10 05 56 00     2.59   -2.03    1.54   -1.12    1.05   -0.91    2.45   -2.10    0.80   -0.65    1.65   -1.45
2024 05 10 05 58 00     2.49   -2.05    1.47   -1.12    1.02   -0.93    2.24   -2.05    0.72   -0.72    1.52   -1.33
2024 05 10 06 00 00     2.17   -1.73    1.49   -1.05    0.67   -0.68    2.21   -1.91    0.76   -0.75    1.45   -1.16
2024 05 10 06 02 00     2.08   -1.80    1.46   -1.01    0.62   -0.79    2.19   -1.81    0.73   -0.77    1.45   -1.04
2024 05 10 06 04 00     1.93   -1.84    1.32   -1.04    0.61   -0.80    2.14   -1.87    0.51   -0.61    1.63   -1.26
2024 05 10 06 06 00     2.04   -1.92    1.39   -1.06    0.65   -0.86    2.01   -1.90    0.62   -0.71    1.39   -1.19
2024 05 10 06 08 00     2.40   -2.33    1.57   -1.12    0.83   -1.21    2.03   -1.84    0.77   -0.80    1.26   -1.04
2024 05 10 06 10 00     2.53   -2.57    1.53   -1.22    1.00   -1.35    2.45   -2.18    0.83   -0.89    1.62   -1.30
2024 05 10 06 12 00     2.23   -2.14    1.11   -0.94    1.12   -1.21    2.50   -2.02    0.84   -0.77    1.66   -1.24
2024 05 10 06 14 00     2.19   -2.21    1.16   -0.98    1.03   -1.23    2.44   -1.98    0.84   -0.81    1.60   -1.17
2024 05 10 06 16 00     2.19   -2.16    1.14   -0.95    1.05   -1.21    2.15   -1.94    0.77   -0.85    1.39   -1.09
2024 05 10 06 18 00     2.18   -1.94    1.24   -0.89    0.94   -1.05    2.22   -1.94    0.82   -0.89    1.40   -1.05
2024 05 10 06 20 00     2.05   -1.94    1.25   -0.95    0.79   -0.99    2.02   -1.85    0.75   -0.89    1.27   -0.96
2024 05 10 06 22 00     2.11   -1.89    1.19   -0.95    0.92   -0.93    2.07   -2.17    0.85   -1.12    1.22   -1.05
2024 05 10 06 24 00     2.13   -2.04    1.12   -0.94    1.01   -1.11    2.22   -2.13    0.77   -1.02    1.45   -1.11
2024 05 10 06 26 00     2.20   -1.97    1.20   -0.85    1.00   -1.12    2.24   -2.18    0.76   -1.05    1.49   -1.13
2024 05 10 06 28 00     2.10   -1.86    1.15   -0.95    0.95   -0.91    2.10   -2.01    0.65   -0.90    1.45   -1.11
2024 05 10 06 30 00     2.24   -2.11    1.17   -1.01    1.06   -1.11    2.13   -1.97    0.58   -0.86    1.56   -1.11
2024 05 10 06 32 00     2.56   -2.45    1.33   -1.06    1.23   -1.39    2.13   -1.92    0.69   -0.88    1.44   -1.04
2024 05 10 06 34 00     2.48   -2.34    1.22   -0.98    1.26   -1.36    2.17   -1.92    0.81   -1.00    1.35   -0.92
2024 05 10 06 36 00     2.37   -2.30    1.33   -1.05    1.04   -1.25    2.04   -1.92    0.70   -0.95    1.34   -0.97
2024 05 10 06 38 00     2.34   -2.37    1.37   -1.14    0.97   -1.24    1.94   -1.92    0.80   -1.05    1.13   -0.87
2024 05 10 06 40 00     2.16   -2.21    1.26   -1.02    0.89   -1.19    1.89   -1.78    0.76   -0.90    1.14   -0.88
2024 05 10 06 42 00     1.82   -1.77    1.23   -1.03    0.58   -0.74    1.82   -1.52    0.67   -0.74    1.15   -0.78
2024 05 10 06 44 00     1.81   -1.99    1.29   -1.10    0.52   -0.89    1.57   -1.40    0.70   -0.76    0.87   -0.65
2024 05 10 06 46 00     1.82   -1.88    1.24   -1.07    0.58   -0.80    1.61   -1.48    0.68   -0.82    0.93   -0.65
2024 05 10 06 48 00     1.91   -1.81    1.42   -1.18    0.48   -0.64    1.71   -1.65    0.70   -0.84    1.01   -0.82
2024 05 10 06 50 00     2.15   -2.00    1.53   -1.20    0.62   -0.80    1.60   -1.68    0.83   -0.94    0.77   -0.74
2024 05 10 06 52 00     2.11   -2.16    1.48   -1.34    0.63   -0.82    1.63   -1.67    0.83   -0.90    0.79   -0.77
2024 05 10 06 54 00     2.11   -2.07    1.63   -1.46    0.48   -0.62    1.63   -1.69    0.85   -0.95    0.78   -0.74
2024 05 10 06 56 00     2.01   -2.05    1.51   -1.41    0.49   -0.63    1.54   -1.69    0.87   -0.89    0.68   -0.80
2024 05 10 06 58 00     2.16   -2.12    1.56   -1.43    0.60   -0.69    1.63   -1.45    0.86   -0.83    0.76   -0.63
2024 05 10 07 00 00     2.23   -2.13    1.55   -1.29    0.68   -0.85    1.59   -1.44    0.74   -0.80    0.86   -0.64
2024 05 10 07 02 00     2.46   -2.35    1.58   -1.40    0.88   -0.95    1.59   -1.35    0.72   -0.64    0.87   -0.70
2024 05 10 07 04 00     2.16   -2.16    1.50   -1.28    0.66   -0.87    1.59   -1.44    0.78   -0.73    0.81   -0.71
2024 05 10 07 06 00     2.54   -2.51    1.73   -1.51    0.80   -1.00    1.63   -1.46    0.73   -0.76    0.90   -0.69
2024 05 10 07 08 00     2.36   -2.25    1.80   -1.57    0.56   -0.68    1.69   -1.60    0.73   -0.81    0.96   -0.79
2024 05 10 07 10 00     2.31   -2.24    1.81   -1.54    0.50   -0.70    1.72   -1.63    0.79   -0.72    0.94   -0.91
2024 05 10 07 12 00     2.45   -2.34    1.88   -1.52    0.57   -0.82    1.76   -1.83    0.71   -0.77    1.05   -1.06
2024 05 10 07 14 00     2.76   -2.80    2.10   -1.76    0.66   -1.04    1.77   -1.72    0.77   -0.76    1.00   -0.96
2024 05 10 07 16 00     2.54   -2.31    1.92   -1.53    0.62   -0.78    2.03   -1.98    0.92   -0.82    1.12   -1.16
2024 05 10 07 18 00     2.78   -2.72    1.99   -1.80    0.79   -0.92    2.13   -2.29    0.92   -0.87    1.21   -1.41
2024 05 10 07 20 00     3.22   -3.00    2.07   -1.65    1.16   -1.34    1.89   -2.08    0.81   -0.78    1.08   -1.30
2024 05 10 07 22 00     3.26   -3.07    2.14   -1.84    1.12   -1.23    2.47   -2.61    1.14   -1.14    1.34   -1.47
2024 05 10 07 24 00     3.24   -2.95    2.11   -1.73    1.12   -1.22    2.43   -2.30    1.10   -1.03    1.33   -1.27
2024 05 10 07 26 00     3.18   -2.99    2.13   -1.66    1.05   -1.33    2.38   -2.50    1.04   -1.09    1.34   -1.41
2024 05 10 07 28 00     3.15   -2.61    2.00   -1.48    1.15   -1.13    2.48   -2.59    1.07   -1.15    1.41   -1.44
2024 05 10 07 30 00     2.98   -2.59    2.13   -1.57    0.85   -1.03    2.86   -2.92    1.14   -1.27    1.71   -1.65
2024 05 10 07 32 00     3.11   -2.85    2.16   -1.78    0.95   -1.06    2.58   -2.80    1.10   -1.26    1.48   -1.55
2024 05 10 07 34 00     3.01   -2.65    2.15   -1.65    0.86   -0.99    2.61   -2.63    1.08   -1.21    1.52   -1.42
2024 05 10 07 36 00     2.99   -2.62    2.09   -1.66    0.91   -0.95    2.78   -2.54    1.18   -1.21    1.60   -1.33
2024 05 10 07 38 00     3.10   -3.04    2.17   -1.87    0.93   -1.17    2.91   -2.77    1.23   -1.27    1.67   -1.50
2024 05 10 07 40 00     3.12   -2.69    2.26   -1.78    0.86   -0.91    2.82   -2.70    1.12   -1.12    1.70   -1.57
2024 05 10 07 42 00     3.20   -2.77    2.28   -1.73    0.92   -1.04    3.11   -3.06    1.17   -1.15    1.93   -1.91
2024 05 10 07 44 00     3.18   -2.94    2.12   -1.70    1.05   -1.24    3.10   -2.85    1.19   -1.12    1.91   -1.73
2024 05 10 07 46 00     2.64   -2.53    2.00   -1.59    0.64   -0.93    2.56   -2.29    0.96   -0.87    1.60   -1.41
2024 05 10 07 48 00     2.81   -2.42    2.12   -1.45    0.69   -0.97    2.52   -2.13    0.87   -0.69    1.65   -1.44
2024 05 10 07 50 00     2.67   -2.56    1.92   -1.43    0.74   -1.13    2.11   -1.87    0.73   -0.60    1.38   -1.27
2024 05 10 07 52 00     2.63   -2.42    1.89   -1.35    0.74   -1.07    2.11   -1.98    0.84   -0.75    1.27   -1.23
2024 05 10 07 54 00     2.66   -2.52    1.85   -1.45    0.81   -1.07    2.22   -2.03    0.77   -0.66    1.45   -1.38
2024 05 10 07 56 00     2.91   -2.75    2.00   -1.56    0.91   -1.19    2.37   -2.07    0.76   -0.61    1.62   -1.46
2024 05 10 07 58 00     2.62   -2.38    2.03   -1.49    0.59   -0.90    2.43   -2.04    0.87   -0.69    1.56   -1.35
2024 05 10 08 00 00     2.72   -2.29    2.20   -1.42    0.52   -0.87    2.16   -1.76    0.77   -0.66    1.39   -1.10
2024 05 10 08 02 00     2.58   -2.37    2.00   -1.37    0.58   -0.99    2.31   -1.99    0.83   -0.81    1.48   -1.19
2024 05 10 08 04 00     2.60   -2.42    1.91   -1.40    0.69   -1.02    2.04   -1.97    0.73   -0.82    1.31   -1.15
2024 05 10 08 06 00     2.52   -2.33    1.79   -1.25    0.74   -1.08    2.19   -1.97    0.77   -0.61    1.41   -1.36
2024 05 10 08 08 00     2.61   -2.42    1.76   -1.36    0.85   -1.06    2.40   -2.22    0.77   -0.70    1.63   -1.52
2024 05 10 08 10 00     2.48   -2.31    1.74   -1.42    0.74   -0.89    2.37   -2.29    0.80   -0.71    1.56   -1.59
2024 05 10 08 12 00     2.40   -2.13    1.66   -1.13    0.74   -1.00    2.31   -2.17    0.79   -0.66    1.52   -1.51
2024 05 10 08 14 00     2.25   -1.92    1.61   -1.07    0.63   -0.85    2.26   -2.12    0.82   -0.77    1.44   -1.35
2024 05 10 08 16 00     2.27   -1.93    1.57   -1.02    0.70   -0.92    2.33   -2.17    0.84   -0.81    1.50   -1.37
2024 05 10 08 18 00     2.22   -2.01    1.53   -1.06    0.69   -0.95    2.56   -2.59    1.07   -1.02    1.49   -1.58
2024 05 10 08 20 00     2.44   -2.05    1.65   -1.05    0.79   -1.00    2.31   -2.32    0.95   -0.86    1.36   -1.46
2024 05 10 08 22 00     2.56   -2.19    1.73   -1.14    0.82   -1.05    2.49   -2.30    1.13   -0.97    1.37   -1.33
2024 05 10 08 24 00     2.87   -2.46    1.73   -1.17    1.14   -1.29    2.28   -1.98    0.97   -0.71    1.31   -1.27
2024 05 10 08 26 00     2.63   -2.21    1.61   -0.99    1.02   -1.22    2.23   -1.85    0.77   -0.52    1.46   -1.33
2024 05 10 08 28 00     2.55   -2.27    1.64   -1.01    0.91   -1.26    2.17   -1.81    0.82   -0.54    1.35   -1.27
2024 05 10 08 30 00     2.46   -2.23    1.39   -0.76    1.07   -1.47    1.74   -1.40    0.65   -0.35    1.09   -1.05
2024 05 10 08 32 00     2.33   -2.08    1.39   -0.78    0.94   -1.30    1.56   -1.38    0.48   -0.28    1.08   -1.10
2024 05 10 08 34 00     2.39   -2.16    1.39   -0.85    1.00   -1.32    1.44   -1.16    0.43   -0.19    1.01   -0.97
2024 05 10 08 36 00     2.47   -2.27    1.30   -0.81    1.17   -1.45    1.27   -1.04    0.33   -0.13    0.94   -0.91
2024 05 10 08 38 00     2.44   -2.25    1.26   -0.78    1.18   -1.47    1.37   -1.16    0.32   -0.24    1.05   -0.91
2024 05 10 08 40 00     2.31   -2.15    1.24   -0.79    1.07   -1.36    1.47   -1.03    0.30   -0.27    1.17   -0.75
2024 05 10 08 42 00     2.15   -2.01    1.10   -0.79    1.05   -1.21    1.32   -1.00    0.27   -0.22    1.04   -0.78
2024 05 10 08 44 00     2.17   -1.85    1.18   -0.69    0.99   -1.16    1.32   -1.00    0.20   -0.25    1.12   -0.74
2024 05 10 08 46 00     2.07   -1.86    1.12   -0.71    0.95   -1.15    1.52   -1.16    0.27   -0.33    1.24   -0.83
2024 05 10 08 48 00     2.12   -2.03    1.11   -0.86    1.02   -1.17    1.59   -1.23    0.36   -0.30    1.24   -0.93
2024 05 10 08 50 00     2.08   -1.96    1.02   -0.78    1.06   -1.18    1.70   -1.45    0.38   -0.35    1.32   -1.10
2024 05 10 08 52 00     2.06   -1.63    1.11   -0.61    0.95   -1.02    1.77   -1.64    0.38   -0.44    1.40   -1.21
2024 05 10 08 54 00     1.71   -1.43    0.85   -0.48    0.86   -0.95    1.82   -1.67    0.41   -0.39    1.41   -1.27
2024 05 10 08 56 00     1.72   -1.26    0.94   -0.44    0.78   -0.82    1.18   -1.37    0.21   -0.33    0.96   -1.05
2024 05 10 08 58 00     1.73   -1.31    1.07   -0.56    0.66   -0.75    1.22   -1.19    0.30   -0.34    0.92   -0.85
2024 05 10 09 00 00     1.59   -1.27    1.00   -0.55    0.59   -0.72    1.60   -1.37    0.58   -0.48    1.02   -0.89
2024 05 10 09 02 00     1.78   -1.35    1.04   -0.54    0.75   -0.81    1.44   -1.14    0.54   -0.43    0.90   -0.71
2024 05 10 09 04 00     1.50   -1.25    0.85   -0.47    0.65   -0.78    1.49   -1.25    0.56   -0.52    0.94   -0.72
2024 05 10 09 06 00     1.55   -1.22    0.91   -0.42    0.65   -0.80    1.47   -1.11    0.52   -0.46    0.95   -0.65
2024 05 10 09 08 00     1.47   -1.16    0.81   -0.40    0.66   -0.75    1.32   -1.04    0.50   -0.38    0.83   -0.66
2024 05 10 09 10 00     1.61   -1.23    0.84   -0.46    0.77   -0.77    1.06   -0.96    0.34   -0.23    0.72   -0.73
2024 05 10 09 12 00     1.59   -1.15    0.99   -0.53    0.60   -0.61    0.95   -0.88    0.31   -0.27    0.63   -0.62
2024 05 10 09 14 00     1.44   -1.19    0.87   -0.53    0.57   -0.67    0.96   -0.80    0.26   -0.22    0.70   -0.58
2024 05 10 09 16 00     1.66   -1.54    1.12   -0.77    0.53   -0.77    0.87   -0.85    0.22   -0.24    0.65   -0.61
2024 05 10 09 18 00     1.57   -1.44    1.06   -0.76    0.51   -0.68    0.87   -0.79    0.30   -0.28    0.57   -0.52
2024 05 10 09 20 00     1.48   -1.45    1.08   -0.75    0.40   -0.70    1.00   -0.88    0.35   -0.28    0.65   -0.60
2024 05 10 09 22 00     1.29   -1.35    0.88   -0.70    0.41   -0.65    0.82   -0.89    0.27   -0.28    0.55   -0.62
2024 05 10 09 24 00     1.46   -1.35    0.98   -0.76    0.49   -0.59    0.94   -0.95    0.36   -0.33    0.58   -0.62
2024 05 10 09 26 00     1.29   -1.18    0.85   -0.54    0.43   -0.65    0.87   -0.77    0.33   -0.23    0.54   -0.54
2024 05 10 09 28 00     1.52   -1.22    1.11   -0.58    0.42   -0.64    0.85   -0.83    0.29   -0.23    0.55   -0.60
2024 05 10 09 30 00     1.52   -1.12    1.14   -0.50    0.38   -0.62    0.75   -0.64    0.36   -0.35    0.39   -0.29
2024 05 10 09 32 00     1.29   -1.15    0.89   -0.46    0.40   -0.69    0.62   -0.53    0.28   -0.25    0.34   -0.27
2024 05 10 09 34 00     1.32   -1.20    0.94   -0.48    0.38   -0.72    0.62   -0.51    0.23   -0.19    0.40   -0.32
2024 05 10 09 36 00     1.26   -1.23    1.02   -0.69    0.24   -0.54    0.38   -0.25    0.11   -0.13    0.26   -0.12
2024 05 10 09 38 00     1.40   -1.25    1.06   -0.64    0.34   -0.61    0.33   -0.22    0.13   -0.10    0.20   -0.12
2024 05 10 09 40 00     1.44   -1.34    1.06   -0.65    0.38   -0.69    0.42   -0.30    0.23   -0.21    0.19   -0.08
2024 05 10 09 42 00     1.61   -1.35    1.24   -0.73    0.37   -0.62    0.38   -0.10    0.24   -0.06    0.15   -0.04
2024 05 10 09 44 00     1.60   -1.52    1.21   -0.82    0.39   -0.70    0.47   -0.13    0.28   -0.07    0.18   -0.06
2024 05 10 09 46 00     1.48   -1.34    1.11   -0.79    0.37   -0.54    0.49   -0.23    0.26   -0.04    0.23   -0.19
2024 05 10 09 48 00     1.46   -1.28    1.09   -0.86    0.37   -0.42    0.50   -0.25    0.29   -0.08    0.21   -0.18
2024 05 10 09 50 00     1.50   -1.34    1.14   -1.05    0.36   -0.29    0.61   -0.39    0.29   -0.13    0.31   -0.26
2024 05 10 09 52 00     1.47   -1.25    1.08   -0.86    0.39   -0.39    0.51   -0.39    0.22   -0.09    0.29   -0.30
2024 05 10 09 54 00     1.30   -1.15    0.98   -0.88    0.31   -0.28    0.41   -0.36    0.20   -0.17    0.22   -0.19
2024 05 10 09 56 00     1.49   -1.25    1.11   -0.89    0.38   -0.35    0.45   -0.55    0.19   -0.27    0.26   -0.28
2024 05 10 09 58 00     1.56   -1.30    1.14   -0.82    0.42   -0.49    0.47   -0.56    0.16   -0.29    0.31   -0.27
2024 05 10 10 00 00     1.55   -1.23    1.07   -0.66    0.48   -0.57    0.50   -0.48    0.21   -0.21    0.28   -0.27
2024 05 10 10 02 00     1.37   -1.21    1.02   -0.71    0.35   -0.51    0.67   -0.61    0.30   -0.31    0.37   -0.30
2024 05 10 10 04 00     1.37   -1.09    1.03   -0.66    0.35   -0.43    0.68   -0.55    0.31   -0.25    0.37   -0.30
2024 05 10 10 06 00     1.37   -1.13    1.01   -0.57    0.36   -0.56    0.73   -0.48    0.30   -0.20    0.43   -0.28
2024 05 10 10 08 00     1.54   -1.40    1.14   -0.73    0.40   -0.67    0.79   -0.45    0.38   -0.14    0.41   -0.32
2024 05 10 10 10 00     1.59   -1.49    1.09   -0.68    0.50   -0.81    0.81   -0.54    0.41   -0.18    0.40   -0.36
2024 05 10 10 12 00     1.45   -1.40    1.08   -0.65    0.36   -0.75    0.87   -0.60    0.38   -0.23    0.48   -0.37
2024 05 10 10 14 00     1.55   -1.66    1.20   -1.00    0.35   -0.66    1.06   -0.87    0.33   -0.22    0.73   -0.65
2024 05 10 10 16 00     1.65   -1.83    1.15   -1.05    0.51   -0.78    1.14   -0.73    0.41   -0.33    0.73   -0.40
2024 05 10 10 18 00     1.68   -1.60    1.15   -0.92    0.52   -0.68    1.04   -0.67    0.30   -0.36    0.74   -0.31
2024 05 10 10 20 00     1.71   -1.50    1.19   -0.87    0.53   -0.63    1.31   -0.99    0.44   -0.48    0.87   -0.52
2024 05 10 10 22 00     1.69   -1.58    1.16   -0.92    0.53   -0.66    1.47   -1.10    0.52   -0.49    0.95   -0.60
2024 05 10 10 24 00     1.81   -1.64    1.17   -0.96    0.64   -0.68    1.48   -1.06    0.49   -0.47    0.99   -0.59
2024 05 10 10 26 00     1.69   -1.51    1.13   -0.93    0.55   -0.59    1.45   -0.99    0.46   -0.34    0.99   -0.65
2024 05 10 10 28 00     1.78   -1.54    1.06   -0.83    0.72   -0.71    1.44   -1.14    0.42   -0.36    1.02   -0.78
2024 05 10 10 30 00     1.92   -1.45    1.19   -0.77    0.74   -0.68    1.40   -1.23    0.39   -0.38    1.01   -0.85
2024 05 10 10 32 00     2.10   -1.53    1.29   -0.78    0.80   -0.75    1.31   -1.04    0.44   -0.35    0.87   -0.69
2024 05 10 10 34 00     2.11   -1.54    1.34   -0.87    0.76   -0.67    1.37   -1.10    0.40   -0.30    0.98   -0.80
2024 05 10 10 36 00     2.16   -1.44    1.38   -0.84    0.78   -0.60    1.39   -1.18    0.42   -0.37    0.97   -0.80
2024 05 10 10 38 00     2.11   -1.59    1.35   -0.89    0.76   -0.71    1.31   -1.16    0.43   -0.48    0.89   -0.67
2024 05 10 10 40 00     2.14   -1.67    1.36   -0.92    0.78   -0.74    1.37   -1.20    0.39   -0.47    0.98   -0.74
2024 05 10 10 42 00     1.94   -1.74    1.27   -0.98    0.68   -0.76    1.38   -1.30    0.40   -0.48    0.98   -0.82
2024 05 10 10 44 00     2.01   -1.60    1.35   -0.93    0.65   -0.67    1.44   -1.42    0.44   -0.51    1.01   -0.91
2024 05 10 10 46 00     2.16   -1.53    1.40   -0.85    0.76   -0.67    1.54   -1.38    0.46   -0.45    1.09   -0.93
2024 05 10 10 48 00     2.43   -2.01    1.51   -1.07    0.92   -0.94    1.64   -1.75    0.57   -0.66    1.07   -1.09
2024 05 10 10 50 00     2.44   -1.89    1.55   -0.97    0.89   -0.92    1.59   -1.67    0.61   -0.72    0.98   -0.95
2024 05 10 10 52 00     2.48   -1.93    1.49   -0.98    0.99   -0.94    1.60   -1.63    0.62   -0.68    0.98   -0.95
2024 05 10 10 54 00     2.48   -2.05    1.42   -1.06    1.06   -0.99    1.62   -1.70    0.67   -0.77    0.95   -0.94
2024 05 10 10 56 00     2.36   -2.03    1.36   -0.95    1.01   -1.08    1.55   -1.64    0.61   -0.72    0.94   -0.92
2024 05 10 10 58 00     2.18   -1.89    1.30   -0.95    0.88   -0.93    1.50   -1.40    0.54   -0.67    0.96   -0.73
2024 05 10 11 00 00     1.99   -1.90    1.21   -0.96    0.77   -0.93    1.55   -1.45    0.61   -0.72    0.94   -0.73
2024 05 10 11 02 00     2.22   -2.05    1.40   -1.11    0.82   -0.94    1.54   -1.43    0.51   -0.65    1.03   -0.78
2024 05 10 11 04 00     2.31   -1.94    1.47   -1.12    0.84   -0.82    1.56   -1.58    0.60   -0.76    0.96   -0.82
2024 05 10 11 06 00     2.38   -2.02    1.43   -1.14    0.94   -0.88    1.64   -1.58    0.60   -0.73    1.04   -0.85
2024 05 10 11 08 00     2.72   -2.01    1.66   -1.05    1.05   -0.96    1.56   -1.37    0.59   -0.63    0.97   -0.74
2024 05 10 11 10 00     2.66   -1.93    1.60   -1.04    1.06   -0.89    1.60   -1.61    0.59   -0.82    1.02   -0.80
2024 05 10 11 12 00     2.62   -2.11    1.52   -1.11    1.10   -0.99    1.64   -1.58    0.51   -0.74    1.13   -0.83
2024 05 10 11 14 00     2.74   -2.09    1.61   -1.07    1.13   -1.02    1.77   -1.88    0.53   -0.85    1.24   -1.03
2024 05 10 11 16 00     2.81   -2.50    1.59   -1.31    1.22   -1.18    1.83   -1.93    0.63   -0.87    1.21   -1.06
2024 05 10 11 18 00     2.89   -2.42    1.64   -1.22    1.25   -1.19    1.89   -1.95    0.60   -0.85    1.28   -1.10
2024 05 10 11 20 00     3.06   -2.76    1.75   -1.48    1.31   -1.28    1.87   -1.99    0.69   -0.91    1.18   -1.09
2024 05 10 11 22 00     3.01   -2.56    1.68   -1.32    1.34   -1.25    1.86   -1.97    0.69   -0.88    1.16   -1.09
2024 05 10 11 24 00     3.07   -2.86    1.55   -1.37    1.51   -1.48    2.06   -2.12    0.89   -0.91    1.17   -1.21
2024 05 10 11 26 00     2.74   -2.36    1.46   -1.22    1.28   -1.14    2.03   -2.13    0.76   -0.88    1.27   -1.24
2024 05 10 11 28 00     2.92   -2.76    1.57   -1.44    1.35   -1.33    2.01   -1.94    0.77   -0.87    1.23   -1.08
2024 05 10 11 30 00     2.88   -2.61    1.58   -1.48    1.31   -1.13    1.94   -1.90    0.86   -0.88    1.08   -1.02
2024 05 10 11 32 00     2.99   -2.51    1.61   -1.42    1.37   -1.09    2.09   -2.01    0.84   -0.94    1.25   -1.06
2024 05 10 11 34 00     2.93   -2.36    1.63   -1.35    1.30   -1.01    2.53   -2.42    0.95   -1.01    1.58   -1.42
2024 05 10 11 36 00     2.85   -2.34    1.59   -1.26    1.26   -1.07    2.56   -2.65    0.88   -1.07    1.68   -1.58
2024 05 10 11 38 00     3.15   -2.54    1.65   -1.36    1.51   -1.19    2.53   -2.67    0.87   -1.21    1.66   -1.45
2024 05 10 11 40 00     3.16   -2.58    1.57   -1.33    1.59   -1.25    2.67   -2.75    0.87   -1.17    1.80   -1.58
2024 05 10 11 42 00     3.25   -2.80    1.55   -1.41    1.70   -1.39    3.36   -3.32    0.96   -1.14    2.40   -2.18
2024 05 10 11 44 00     3.33   -2.92    1.67   -1.53    1.66   -1.38    3.00   -3.05    0.87   -1.20    2.12   -1.85
2024 05 10 11 46 00     3.24   -2.89    1.66   -1.48    1.58   -1.41    2.87   -3.02    0.88   -1.29    1.99   -1.73
2024 05 10 11 48 00     3.67   -3.39    1.75   -1.71    1.92   -1.68    2.87   -3.08    0.83   -1.27    2.05   -1.81
2024 05 10 11 50 00     3.99   -3.65    1.89   -1.74    2.09   -1.92    2.91   -3.10    0.99   -1.38    1.92   -1.72
2024 05 10 11 52 00     3.93   -3.67    1.84   -1.77    2.09   -1.90    2.87   -3.05    0.99   -1.35    1.89   -1.69
2024 05 10 11 54 00     3.90   -3.73    1.83   -1.93    2.07   -1.80    3.04   -2.99    1.03   -1.35    2.01   -1.64
2024 05 10 11 56 00     4.08   -3.91    2.03   -2.21    2.04   -1.71    3.08   -3.24    1.05   -1.51    2.03   -1.74
2024 05 10 11 58 00     3.67   -3.54    1.86   -2.04    1.81   -1.51    3.02   -3.05    0.99   -1.49    2.03   -1.56
2024 05 10 12 00 00     3.71   -3.49    1.88   -2.04    1.83   -1.45    2.92   -2.88    0.96   -1.46    1.96   -1.43
2024 05 10 12 02 00     3.70   -3.56    1.77   -2.01    1.92   -1.55    2.83   -2.72    1.06   -1.55    1.76   -1.16
2024 05 10 12 04 00     3.68   -3.42    1.87   -1.97    1.81   -1.45    2.94   -2.92    1.16   -1.63    1.78   -1.29
2024 05 10 12 06 00     3.86   -3.53    2.00   -2.17    1.86   -1.36    2.98   -2.74    1.17   -1.65    1.81   -1.09
2024 05 10 12 08 00     3.73   -3.56    1.95   -2.14    1.78   -1.42    2.84   -2.95    1.04   -1.67    1.80   -1.28
2024 05 10 12 10 00     3.80   -3.55    1.96   -2.10    1.83   -1.45    2.70   -2.79    1.13   -1.71    1.57   -1.08
2024 05 10 12 12 00     3.86   -3.52    2.08   -2.18    1.78   -1.34    2.49   -2.60    0.94   -1.58    1.55   -1.02
2024 05 10 12 14 00     3.82   -3.53    2.00   -2.11    1.82   -1.42    2.39   -2.28    0.97   -1.52    1.42   -0.77
2024 05 10 12 16 00     3.34   -3.09    1.79   -1.95    1.55   -1.14    2.13   -2.15    0.78   -1.40    1.35   -0.75
2024 05 10 12 18 00     3.44   -3.12    1.83   -1.98    1.62   -1.15    2.26   -2.34    0.85   -1.53    1.41   -0.80
2024 05 10 12 20 00     3.50   -3.23    1.92   -2.02    1.58   -1.21    2.12   -2.11    0.73   -1.35    1.39   -0.76
2024 05 10 12 22 00     3.57   -3.24    1.97   -1.97    1.60   -1.27    2.14   -2.24    0.75   -1.34    1.39   -0.90
2024 05 10 12 24 00     3.37   -3.16    1.90   -1.96    1.47   -1.20    2.08   -2.12    0.74   -1.40    1.34   -0.72
2024 05 10 12 26 00     3.54   -3.17    1.93   -1.87    1.60   -1.29    2.03   -1.89    0.74   -1.25    1.29   -0.64
2024 05 10 12 28 00     3.46   -3.17    1.95   -1.87    1.52   -1.30    2.07   -2.03    0.83   -1.28    1.24   -0.75
2024 05 10 12 30 00     3.48   -3.42    1.90   -1.94    1.58   -1.48    2.09   -1.93    0.82   -1.24    1.27   -0.69
2024 05 10 12 32 00     3.50   -3.21    1.90   -1.78    1.60   -1.43    2.05   -1.90    0.83   -1.17    1.22   -0.73
2024 05 10 12 34 00     3.22   -3.10    1.70   -1.76    1.51   -1.35    1.98   -1.93    0.89   -1.15    1.09   -0.78
2024 05 10 12 36 00     3.20   -3.16    1.71   -1.71    1.48   -1.45    2.10   -1.94    0.92   -1.16    1.18   -0.79
2024 05 10 12 38 00     3.16   -3.14    1.80   -1.85    1.35   -1.29    1.99   -2.10    0.95   -1.31    1.04   -0.79
2024 05 10 12 40 00     3.10   -3.18    1.74   -1.86    1.37   -1.32    1.95   -1.93    0.93   -1.24    1.01   -0.68
2024 05 10 12 42 00     3.15   -3.21    1.81   -1.88    1.33   -1.33    2.06   -1.95    0.99   -1.25    1.07   -0.70
2024 05 10 12 44 00     3.10   -3.24    1.77   -1.90    1.33   -1.33    1.98   -1.87    0.97   -1.20    1.01   -0.68
2024 05 10 12 46 00     3.06   -3.01    1.70   -1.75    1.36   -1.26    1.94   -2.02    0.89   -1.19    1.05   -0.84
2024 05 10 12 48 00     3.11   -2.86    1.71   -1.66    1.40   -1.20    1.97   -2.07    0.81   -1.07    1.17   -1.00
2024 05 10 12 50 00     2.94   -2.74    1.66   -1.59    1.28   -1.15    1.95   -2.04    0.78   -1.10    1.17   -0.94
2024 05 10 12 52 00     2.77   -2.54    1.55   -1.42    1.21   -1.12    2.04   -1.88    0.75   -1.00    1.28   -0.87
2024 05 10 12 54 00     2.66   -2.67    1.58   -1.55    1.09   -1.11    1.90   -1.80    0.75   -0.95    1.15   -0.86
2024 05 10 12 56 00     2.84   -2.64    1.69   -1.58    1.15   -1.06    1.65   -1.73    0.70   -0.91    0.95   -0.82
2024 05 10 12 58 00     2.64   -2.63    1.61   -1.65    1.03   -0.98    1.59   -1.74    0.68   -0.87    0.92   -0.87
2024 05 10 13 00 00     2.39   -2.42    1.52   -1.57    0.87   -0.85    1.64   -1.66    0.69   -0.86    0.95   -0.80
2024 05 10 13 02 00     2.69   -2.55    1.69   -1.70    1.00   -0.85    1.24   -1.36    0.61   -0.81    0.63   -0.55
2024 05 10 13 04 00     2.61   -2.52    1.50   -1.59    1.11   -0.94    1.31   -1.24    0.56   -0.67    0.74   -0.56
2024 05 10 13 06 00     2.73   -2.56    1.66   -1.59    1.07   -0.97    1.38   -1.33    0.68   -0.74    0.69   -0.59
2024 05 10 13 08 00     2.57   -2.40    1.68   -1.55    0.90   -0.85    1.44   -1.39    0.71   -0.81    0.73   -0.58
2024 05 10 13 10 00     3.03   -2.93    1.90   -1.82    1.14   -1.11    1.52   -1.47    0.71   -0.80    0.80   -0.67
2024 05 10 13 12 00     2.76   -2.98    1.75   -1.85    1.01   -1.14    1.45   -1.54    0.66   -0.88    0.79   -0.66
2024 05 10 13 14 00     2.59   -2.49    1.74   -1.42    0.85   -1.07    1.42   -1.52    0.78   -0.95    0.65   -0.57
2024 05 10 13 16 00     2.96   -2.66    1.73   -1.40    1.24   -1.25    1.29   -1.42    0.51   -0.72    0.77   -0.69
2024 05 10 13 18 00     2.78   -2.31    1.61   -1.24    1.16   -1.08    1.20   -1.28    0.47   -0.73    0.73   -0.56
2024 05 10 13 20 00     2.49   -2.30    1.48   -1.30    1.01   -1.00    1.27   -1.36    0.50   -0.78    0.78   -0.58
2024 05 10 13 22 00     2.58   -2.23    1.46   -1.27    1.11   -0.96    1.20   -1.35    0.48   -0.74    0.72   -0.61
2024 05 10 13 24 00     2.39   -2.21    1.43   -1.28    0.95   -0.93    1.18   -1.20    0.48   -0.67    0.70   -0.53
2024 05 10 13 26 00     2.42   -2.17    1.34   -1.20    1.08   -0.97    1.25   -1.14    0.48   -0.68    0.77   -0.46
2024 05 10 13 28 00     2.32   -2.19    1.35   -1.19    0.98   -1.00    1.41   -1.31    0.59   -0.77    0.82   -0.53
2024 05 10 13 30 00     2.23   -2.18    1.39   -1.22    0.84   -0.96    1.14   -1.11    0.52   -0.70    0.61   -0.41
2024 05 10 13 32 00     2.09   -2.02    1.27   -1.07    0.82   -0.95    1.33   -1.23    0.61   -0.74    0.72   -0.50
2024 05 10 13 34 00     2.26   -2.33    1.26   -1.17    1.00   -1.16    1.29   -1.21    0.60   -0.74    0.69   -0.48
2024 05 10 13 36 00     2.26   -2.33    1.28   -1.15    0.97   -1.18    1.32   -1.38    0.68   -0.86    0.64   -0.52
2024 05 10 13 38 00     2.35   -2.25    1.30   -1.04    1.05   -1.21    1.32   -1.37    0.60   -0.79    0.72   -0.58
2024 05 10 13 40 00     2.42   -2.24    1.39   -1.05    1.02   -1.19    1.54   -1.41    0.58   -0.82    0.96   -0.59
2024 05 10 13 42 00     2.41   -2.20    1.35   -1.10    1.06   -1.10    1.38   -1.26    0.53   -0.80    0.85   -0.47
2024 05 10 13 44 00     2.36   -2.13    1.35   -1.10    1.02   -1.03    1.35   -1.27    0.50   -0.78    0.86   -0.49
2024 05 10 13 46 00     2.21   -2.10    1.27   -1.12    0.94   -0.99    1.45   -1.32    0.59   -0.86    0.86   -0.46
2024 05 10 13 48 00     2.20   -2.08    1.29   -1.12    0.91   -0.96    1.44   -1.47    0.63   -0.86    0.82   -0.61
2024 05 10 13 50 00     2.21   -2.17    1.41   -1.28    0.80   -0.89    1.18   -1.28    0.57   -0.80    0.62   -0.48
2024 05 10 13 52 00     2.11   -2.00    1.33   -1.09    0.78   -0.91    1.39   -1.33    0.72   -0.89    0.67   -0.44
2024 05 10 13 54 00     2.21   -1.91    1.45   -1.06    0.76   -0.85    1.38   -1.38    0.72   -0.91    0.66   -0.47
2024 05 10 13 56 00     2.51   -2.25    1.51   -1.25    1.01   -1.00    1.29   -1.53    0.67   -0.95    0.62   -0.57
2024 05 10 13 58 00     2.39   -2.18    1.40   -1.21    1.00   -0.97    1.43   -1.55    0.77   -1.04    0.65   -0.51
2024 05 10 14 00 00     2.44   -2.37    1.44   -1.27    1.00   -1.10    1.71   -1.62    0.76   -1.00    0.95   -0.63
2024 05 10 14 02 00     2.55   -2.38    1.49   -1.22    1.05   -1.16    1.74   -1.70    0.80   -1.09    0.94   -0.61
2024 05 10 14 04 00     2.73   -2.51    1.62   -1.26    1.12   -1.26    1.71   -1.65    0.78   -1.02    0.93   -0.62
2024 05 10 14 06 00     2.72   -2.54    1.58   -1.18    1.14   -1.36    1.77   -1.85    0.87   -1.09    0.90   -0.76
2024 05 10 14 08 00     2.83   -2.59    1.71   -1.26    1.12   -1.33    1.68   -1.80    0.78   -1.09    0.90   -0.71
2024 05 10 14 10 00     2.97   -2.80    1.84   -1.52    1.12   -1.27    1.72   -2.08    0.77   -1.20    0.95   -0.88
2024 05 10 14 12 00     2.98   -2.75    1.78   -1.46    1.21   -1.29    1.78   -2.12    0.77   -1.23    1.01   -0.89
2024 05 10 14 14 00     2.79   -2.61    1.72   -1.43    1.07   -1.18    1.87   -2.14    0.86   -1.33    1.01   -0.81
2024 05 10 14 16 00     2.99   -2.90    1.89   -1.63    1.10   -1.27    1.79   -1.87    0.92   -1.28    0.87   -0.59
2024 05 10 14 18 00     2.83   -2.92    1.68   -1.59    1.16   -1.32    1.76   -1.86    1.04   -1.20    0.72   -0.67
2024 05 10 14 20 00     2.89   -2.76    1.73   -1.52    1.16   -1.24    1.94   -2.17    1.24   -1.41    0.70   -0.76
2024 05 10 14 22 00     2.86   -2.70    1.71   -1.41    1.15   -1.29    2.08   -2.31    1.39   -1.57    0.69   -0.74
2024 05 10 14 24 00     2.91   -2.92    1.67   -1.46    1.24   -1.46    2.28   -2.32    1.42   -1.58    0.86   -0.74
2024 05 10 14 26 00     2.80   -2.59    1.64   -1.20    1.16   -1.40    2.18   -2.24    1.36   -1.53    0.81   -0.71
2024 05 10 14 28 00     2.99   -2.85    1.84   -1.44    1.16   -1.41    2.34   -2.32    1.25   -1.48    1.08   -0.84
2024 05 10 14 30 00     3.22   -2.93    1.95   -1.43    1.27   -1.51    2.12   -2.12    1.01   -1.32    1.12   -0.80
2024 05 10 14 32 00     3.12   -2.93    1.88   -1.39    1.25   -1.54    2.03   -2.06    0.88   -1.29    1.15   -0.78
2024 05 10 14 34 00     3.39   -3.14    1.90   -1.43    1.49   -1.71    1.95   -2.08    0.80   -1.18    1.15   -0.90
2024 05 10 14 36 00     3.56   -3.57    2.07   -1.72    1.49   -1.86    1.96   -2.13    0.78   -1.08    1.17   -1.05
2024 05 10 14 38 00     3.35   -3.37    1.78   -1.46    1.57   -1.91    1.53   -1.90    0.51   -1.00    1.02   -0.90
2024 05 10 14 40 00     3.26   -3.19    1.75   -1.41    1.52   -1.78    1.69   -2.05    0.57   -1.00    1.12   -1.05
2024 05 10 14 42 00     2.92   -2.89    1.57   -1.28    1.34   -1.61    1.46   -1.72    0.65   -0.91    0.82   -0.81
2024 05 10 14 44 00     2.76   -2.81    1.62   -1.43    1.13   -1.39    1.41   -1.60    0.63   -0.95    0.78   -0.65
2024 05 10 14 46 00     2.50   -2.39    1.44   -1.19    1.06   -1.20    1.32   -1.33    0.61   -0.78    0.71   -0.55
2024 05 10 14 48 00     2.57   -2.69    1.52   -1.42    1.06   -1.26    1.39   -1.27    0.72   -0.79    0.67   -0.48
2024 05 10 14 50 00     2.43   -2.58    1.51   -1.42    0.92   -1.16    1.72   -1.62    0.87   -1.02    0.84   -0.61
2024 05 10 14 52 00     2.26   -2.52    1.37   -1.43    0.89   -1.09    1.82   -1.82    0.94   -1.10    0.87   -0.72
2024 05 10 14 54 00     2.36   -2.19    1.43   -1.20    0.93   -0.99    1.89   -2.04    0.90   -1.23    1.00   -0.81
2024 05 10 14 56 00     2.33   -2.28    1.39   -1.14    0.93   -1.14    2.06   -2.18    0.92   -1.25    1.14   -0.92
2024 05 10 14 58 00     2.52   -2.31    1.46   -1.14    1.05   -1.16    2.08   -2.18    0.91   -1.20    1.17   -0.98
2024 05 10 15 00 00     2.54   -2.33    1.61   -1.20    0.93   -1.13    1.84   -1.98    0.84   -1.15    1.00   -0.83
2024 05 10 15 02 00     2.65   -2.41    1.62   -1.23    1.04   -1.18    1.66   -1.91    0.74   -1.13    0.92   -0.78
2024 05 10 15 04 00     2.61   -2.41    1.42   -1.02    1.19   -1.39    1.78   -2.07    0.73   -1.11    1.05   -0.97
2024 05 10 15 06 00     2.52   -2.48    1.37   -1.12    1.15   -1.36    1.72   -1.95    0.84   -1.17    0.88   -0.78
2024 05 10 15 08 00     2.41   -2.38    1.27   -1.06    1.14   -1.33    1.68   -1.93    0.80   -1.18    0.88   -0.75
2024 05 10 15 10 00     2.41   -2.52    1.32   -1.14    1.09   -1.38    1.78   -1.94    0.80   -1.11    0.97   -0.83
2024 05 10 15 12 00     2.40   -2.30    1.45   -1.15    0.96   -1.15    1.53   -1.48    0.84   -1.02    0.69   -0.47
2024 05 10 15 14 00     2.34   -2.28    1.47   -1.16    0.88   -1.11    1.43   -1.24    0.80   -0.92    0.63   -0.33
2024 05 10 15 16 00     2.14   -2.32    1.41   -1.18    0.73   -1.14    1.45   -1.40    0.88   -0.96    0.57   -0.43
2024 05 10 15 18 00     2.03   -2.23    1.26   -1.12    0.77   -1.12    1.43   -1.41    0.90   -1.09    0.53   -0.32
2024 05 10 15 20 00     2.57   -2.51    1.66   -1.41    0.90   -1.10    1.54   -1.45    0.90   -1.11    0.64   -0.34
2024 05 10 15 22 00     2.16   -2.27    1.31   -1.25    0.85   -1.02    1.73   -1.74    0.98   -1.27    0.75   -0.47
2024 05 10 15 24 00     2.20   -2.26    1.23   -1.27    0.97   -0.99    1.68   -1.62    0.92   -1.23    0.76   -0.39
2024 05 10 15 26 00     2.20   -2.18    1.19   -1.05    1.02   -1.13    1.72   -1.58    0.91   -1.13    0.81   -0.45
2024 05 10 15 28 00     2.04   -2.19    1.19   -1.14    0.85   -1.06    1.66   -1.64    0.99   -1.21    0.67   -0.43
2024 05 10 15 30 00     1.97   -2.14    1.21   -1.15    0.76   -0.99    1.60   -1.67    0.93   -1.25    0.67   -0.42
2024 05 10 15 32 00     2.00   -2.23    1.25   -1.21    0.75   -1.02    1.50   -1.58    0.94   -1.17    0.56   -0.41
2024 05 10 15 34 00     2.22   -2.37    1.60   -1.56    0.63   -0.81    1.13   -1.11    0.57   -0.81    0.56   -0.30
2024 05 10 15 36 00     2.39   -2.51    1.71   -1.61    0.68   -0.90    1.63   -1.45    0.95   -1.07    0.68   -0.38
2024 05 10 15 38 00     2.14   -2.22    1.64   -1.51    0.50   -0.71    1.37   -1.34    0.90   -1.07    0.47   -0.26
2024 05 10 15 40 00     2.22   -2.05    1.65   -1.36    0.57   -0.69    1.51   -1.56    0.92   -1.08    0.60   -0.47
2024 05 10 15 42 00     1.87   -1.64    1.30   -0.99    0.56   -0.65    1.70   -1.58    1.00   -1.14    0.70   -0.44
2024 05 10 15 44 00     2.05   -1.57    1.46   -0.97    0.59   -0.60    1.40   -1.54    0.89   -1.15    0.51   -0.39
2024 05 10 15 46 00     2.28   -1.71    1.60   -0.98    0.69   -0.74    1.66   -1.71    1.01   -1.20    0.65   -0.51
2024 05 10 15 48 00     2.35   -1.90    1.72   -1.16    0.63   -0.74    1.62   -1.69    1.07   -1.23    0.55   -0.47
2024 05 10 15 50 00     2.81   -2.33    2.09   -1.60    0.72   -0.73    1.68   -1.70    1.17   -1.27    0.51   -0.42
2024 05 10 15 52 00     2.99   -2.65    2.27   -1.80    0.73   -0.85    1.55   -1.62    1.06   -1.18    0.49   -0.44
2024 05 10 15 54 00     2.85   -2.51    2.16   -1.68    0.68   -0.83    1.42   -1.55    0.94   -1.15    0.48   -0.40
2024 05 10 15 56 00     2.85   -2.73    2.11   -1.70    0.73   -1.04    1.29   -1.38    0.87   -1.08    0.43   -0.30
2024 05 10 15 58 00     2.37   -2.36    1.72   -1.40    0.65   -0.96    1.20   -1.40    0.77   -1.04    0.43   -0.36
2024 05 10 16 00 00     2.06   -2.18    1.52   -1.25    0.54   -0.93    1.47   -1.47    0.88   -1.00    0.59   -0.46
2024 05 10 16 02 00     2.20   -2.29    1.52   -1.23    0.69   -1.06    1.32   -1.23    0.75   -0.77    0.57   -0.46
2024 05 10 16 04 00     2.10   -2.14    1.44   -1.18    0.65   -0.95    1.30   -1.27    0.73   -0.82    0.57   -0.45
2024 05 10 16 06 00     2.00   -2.31    1.41   -1.28    0.59   -1.03    1.26   -1.20    0.69   -0.78    0.58   -0.42
2024 05 10 16 08 00     2.07   -1.96    1.42   -1.17    0.65   -0.79    1.07   -0.93    0.66   -0.68    0.41   -0.25
2024 05 10 16 10 00     2.20   -1.99    1.49   -1.13    0.72   -0.86    1.07   -0.97    0.64   -0.75    0.43   -0.23
2024 05 10 16 12 00     1.98   -1.73    1.27   -0.90    0.71   -0.82    0.86   -0.72    0.47   -0.51    0.39   -0.22
2024 05 10 16 14 00     1.87   -1.75    1.29   -0.89    0.59   -0.86    0.80   -0.77    0.49   -0.55    0.31   -0.23
2024 05 10 16 16 00     1.82   -1.87    1.23   -1.00    0.58   -0.87    0.82   -0.94    0.45   -0.59    0.37   -0.35
2024 05 10 16 18 00     1.97   -1.97    1.29   -0.97    0.68   -1.00    0.79   -0.92    0.49   -0.63    0.30   -0.28
2024 05 10 16 20 00     1.95   -1.92    1.29   -1.06    0.66   -0.85    0.65   -0.94    0.50   -0.67    0.15   -0.26
2024 05 10 16 22 00     1.95   -1.77    1.32   -0.95    0.63   -0.81    0.71   -0.85    0.42   -0.55    0.29   -0.31
2024 05 10 16 24 00     1.88   -1.76    1.23   -0.92    0.65   -0.84    0.69   -0.74    0.43   -0.50    0.25   -0.24
2024 05 10 16 26 00     1.81   -1.77    1.12   -0.91    0.69   -0.86    0.49   -0.63    0.38   -0.46    0.12   -0.17
2024 05 10 16 28 00     1.70   -1.54    1.08   -0.83    0.63   -0.71    0.58   -0.58    0.45   -0.44    0.13   -0.14
2024 05 10 16 30 00     1.70   -1.57    1.03   -0.74    0.66   -0.83    0.69   -0.66    0.48   -0.42    0.21   -0.24
2024 05 10 16 32 00     1.62   -1.74    1.10   -0.91    0.52   -0.84    0.60   -0.75    0.53   -0.50    0.07   -0.25
2024 05 10 16 34 00     1.42   -1.32    1.01   -0.50    0.41   -0.83    0.67   -0.57    0.60   -0.44    0.07   -0.13
2024 05 10 16 36 00     1.40   -1.37    0.97   -0.48    0.43   -0.89    0.66   -0.57    0.58   -0.44    0.08   -0.13
2024 05 10 16 38 00     1.34   -1.29    0.92   -0.47    0.43   -0.82    0.65   -0.55    0.55   -0.50    0.10   -0.05
2024 05 10 16 40 00     1.22   -1.16    0.81   -0.42    0.41   -0.74    0.61   -0.56    0.45   -0.50    0.16   -0.06
2024 05 10 16 42 00     1.35   -1.30    0.78   -0.50    0.56   -0.80    0.74   -0.57    0.51   -0.51    0.22   -0.06
2024 05 10 16 44 00     1.43   -1.27    0.99   -0.55    0.44   -0.72    0.64   -0.60    0.53   -0.53    0.11   -0.07
2024 05 10 16 46 00     1.50   -1.26    0.98   -0.49    0.52   -0.78    0.86   -0.82    0.59   -0.63    0.28   -0.18
2024 05 10 16 48 00     1.51   -1.43    0.92   -0.59    0.59   -0.84    0.87   -0.90    0.62   -0.66    0.24   -0.23
2024 05 10 16 50 00     1.87   -1.68    1.24   -0.87    0.63   -0.81    1.00   -1.01    0.72   -0.77    0.28   -0.24
2024 05 10 16 52 00     2.01   -1.84    1.42   -1.01    0.59   -0.82    1.11   -1.21    0.86   -0.96    0.25   -0.25
2024 05 10 16 54 00     2.01   -1.97    1.33   -0.98    0.67   -0.99    1.05   -1.13    0.85   -0.91    0.20   -0.22
2024 05 10 16 56 00     1.93   -1.97    1.35   -1.05    0.58   -0.92    1.01   -0.92    0.89   -0.76    0.12   -0.16
2024 05 10 16 58 00     2.47   -2.70    1.76   -1.53    0.71   -1.17    1.86   -1.98    1.42   -1.56    0.45   -0.42
2024 05 10 17 00 00     4.17   -4.74    2.96   -2.86    1.21   -1.88    3.49   -3.53    2.63   -2.57    0.86   -0.96
2024 05 10 17 02 00     5.15   -5.46    3.56   -3.44    1.59   -2.02    4.61   -4.44    3.39   -3.20    1.22   -1.24
2024 05 10 17 04 00     5.97   -6.41    4.04   -3.94    1.94   -2.47    5.72   -5.68    3.66   -3.44    2.05   -2.24
2024 05 10 17 06 00     6.79   -7.05    4.35   -4.17    2.44   -2.88    6.01   -5.83    3.82   -3.45    2.19   -2.39
2024 05 10 17 08 00     7.38   -7.55    5.07   -4.88    2.31   -2.67    4.90   -4.77    3.24   -2.90    1.66   -1.87
2024 05 10 17 10 00     7.06   -7.48    4.93   -4.75    2.13   -2.73    5.95   -5.87    3.87   -3.67    2.09   -2.20
2024 05 10 17 12 00     7.52   -7.74    4.99   -4.65    2.52   -3.10    6.33   -6.53    4.20   -4.26    2.13   -2.27
2024 05 10 17 14 00     8.52   -8.77    6.32   -6.05    2.20   -2.72    5.86   -5.98    4.25   -4.23    1.61   -1.75
2024 05 10 17 16 00     9.19   -9.72    6.87   -6.74    2.32   -2.98    5.84   -5.72    4.09   -3.93    1.75   -1.79
2024 05 10 17 18 00     9.53   -9.99    7.32   -7.09    2.21   -2.90    7.56   -7.78    5.32   -5.41    2.24   -2.37
2024 05 10 17 20 00     8.99   -9.77    6.57   -6.47    2.42   -3.29    7.37   -7.75    4.99   -4.94    2.38   -2.81
2024 05 10 17 22 00    10.77  -10.88    7.48   -7.11    3.29   -3.78    6.01   -6.51    3.76   -3.66    2.24   -2.85
2024 05 10 17 24 00    10.67  -10.94    7.41   -6.92    3.26   -4.02    6.98   -7.68    4.29   -4.32    2.69   -3.36
2024 05 10 17 26 00    12.68  -12.58    9.02   -8.24    3.66   -4.34    7.61   -8.23    4.44   -4.23    3.18   -3.99
2024 05 10 17 28 00    13.04  -13.40    8.26   -7.62    4.77   -5.78    7.33   -8.02    4.19   -3.95    3.15   -4.07
2024 05 10 17 30 00    12.01  -11.93    7.11   -6.15    4.90   -5.78    7.92   -8.50    4.29   -3.80    3.62   -4.69
2024 05 10 17 32 00    11.90  -11.79    6.74   -5.33    5.16   -6.46    7.98   -8.81    4.15   -3.78    3.84   -5.03
2024 05 10 17 34 00    11.61  -11.90    6.75   -5.51    4.86   -6.39   11.37  -12.18    5.39   -4.95    5.98   -7.23
2024 05 10 17 36 00    14.57  -14.96    8.32   -7.38    6.25   -7.58   11.40  -12.24    5.42   -5.04    5.97   -7.19
2024 05 10 17 38 00    15.02  -15.52    8.28   -7.46    6.74   -8.05   12.51  -13.46    6.04   -5.54    6.47   -7.92
2024 05 10 17 40 00    15.06  -15.34    8.52   -7.29    6.54   -8.06   12.95  -13.78    6.37   -5.91    6.59   -7.87
2024 05 10 17 42 00    16.09  -16.85    9.00   -8.03    7.08   -8.82   12.28  -12.98    5.85   -5.28    6.43   -7.71
2024 05 10 17 44 00    15.34  -16.29    8.38   -7.50    6.96   -8.80   12.56  -12.86    5.79   -4.98    6.76   -7.88
2024 05 10 17 46 00    15.27  -16.15    9.18   -8.59    6.09   -7.56   12.40  -12.77    5.80   -5.20    6.60   -7.57
2024 05 10 17 48 00    15.73  -16.04    9.47   -8.73    6.26   -7.31   11.29  -11.74    5.75   -5.12    5.54   -6.62
2024 05 10 17 50 00    14.55  -14.92    8.67   -8.00    5.88   -6.92   12.15  -12.36    5.82   -5.19    6.34   -7.18
2024 05 10 17 52 00    15.00  -15.01    8.69   -7.88    6.31   -7.13   12.21  -12.46    6.00   -5.51    6.21   -6.96
2024 05 10 17 54 00    15.58  -15.64    9.30   -8.75    6.28   -6.89   12.68  -13.13    6.05   -5.78    6.63   -7.35
2024 05 10 17 56 00    15.85  -16.31    9.74   -9.44    6.11   -6.87   13.53  -13.68    7.53   -7.04    5.99   -6.64
2024 05 10 17 58 00    17.36  -17.36   10.82   -9.93    6.54   -7.43   13.86  -14.02    7.67   -7.03    6.19   -6.99
2024 05 10 18 00 00    18.43  -18.73   11.30  -10.72    7.13   -8.01   13.78  -13.90    7.00   -6.57    6.78   -7.33
2024 05 10 18 02 00    19.43  -19.68   11.22  -10.59    8.20   -9.08   11.55  -11.91    5.72   -5.37    5.83   -6.54
2024 05 10 18 04 00    18.07  -18.56   10.40   -9.63    7.67   -8.92   12.02  -12.12    5.87   -5.18    6.14   -6.94
2024 05 10 18 06 00    19.40  -19.99   10.74  -10.14    8.66   -9.85   12.38  -12.44    6.40   -5.72    5.98   -6.72
2024 05 10 18 08 00    17.12  -17.75    8.88   -8.28    8.24   -9.47   12.83  -13.60    6.77   -6.53    6.06   -7.07
2024 05 10 18 10 00    16.97  -17.50    8.35   -7.84    8.62   -9.66   12.24  -12.85    6.98   -6.41    5.27   -6.44
2024 05 10 18 12 00    17.27  -18.22    9.11   -9.30    8.16   -8.91   13.15  -14.12    6.65   -6.28    6.50   -7.84
2024 05 10 18 14 00    17.10  -17.29    9.05   -8.76    8.05   -8.54   13.81  -14.55    6.94   -6.62    6.87   -7.93
2024 05 10 18 16 00    17.69  -18.03   10.13  -10.21    7.56   -7.83   14.30  -15.16    7.14   -7.03    7.16   -8.13
2024 05 10 18 18 00    17.48  -18.07    9.94  -10.26    7.54   -7.82   14.70  -15.20    7.42   -6.97    7.29   -8.22
2024 05 10 18 20 00    19.80  -20.11   11.69  -11.75    8.11   -8.36   16.37  -17.01    8.05   -7.48    8.32   -9.53
2024 05 10 18 22 00    18.69  -18.94   11.03  -10.66    7.66   -8.28   15.44  -15.76    8.39   -7.54    7.04   -8.22
2024 05 10 18 24 00    18.64  -19.18   10.94  -10.63    7.70   -8.55   15.99  -16.52    8.69   -7.80    7.31   -8.72
2024 05 10 18 26 00    19.28  -19.71   10.50  -10.11    8.78   -9.59   16.42  -16.72    7.80   -6.87    8.61   -9.85
2024 05 10 18 28 00    22.12  -22.87   12.28  -11.82    9.84  -11.05   16.88  -16.90    7.74   -6.41    9.14  -10.49
2024 05 10 18 30 00    20.56  -20.88   11.09  -10.64    9.47  -10.24   16.92  -17.25    7.88   -6.96    9.04  -10.29
2024 05 10 18 32 00    19.84  -20.53    9.89  -10.27    9.96  -10.26   16.42  -16.67    6.98   -6.39    9.44  -10.28
2024 05 10 18 34 00    22.26  -22.80   12.00  -12.29   10.26  -10.50   18.45  -18.67    8.64   -8.30    9.81  -10.37
2024 05 10 18 36 00    24.06  -24.59   12.26  -12.46   11.80  -12.13   17.90  -18.25    8.40   -8.21    9.50  -10.03
2024 05 10 18 38 00    21.47  -21.85   12.33  -12.30    9.15   -9.55   16.58  -17.40    7.74   -7.48    8.84   -9.92
2024 05 10 18 40 00    22.59  -23.04   12.62  -12.40    9.97  -10.64   18.02  -18.52    7.04   -6.42   10.98  -12.10
2024 05 10 18 42 00    23.19  -23.74   14.02  -13.73    9.17  -10.01   16.72  -17.22    7.18   -6.25    9.54  -10.97
2024 05 10 18 44 00    22.43  -23.34   12.92  -12.70    9.51  -10.63   18.52  -19.29    8.14   -7.64   10.39  -11.65
2024 05 10 18 46 00    21.92  -22.54   12.06  -12.15    9.86  -10.40   18.71  -19.44    8.40   -7.91   10.31  -11.54
2024 05 10 18 48 00    21.70  -22.46   11.74  -11.98    9.96  -10.48   18.58  -19.14    8.05   -7.44   10.53  -11.70
2024 05 10 18 50 00    21.51  -22.28   12.38  -12.34    9.13   -9.93   16.67  -16.99    8.14   -7.46    8.53   -9.53
2024 05 10 18 52 00    20.69  -21.32   12.49  -12.23    8.20   -9.09   16.50  -16.79    8.43   -7.98    8.07   -8.81
2024 05 10 18 54 00    20.40  -21.31   11.84  -11.85    8.56   -9.45   16.95  -17.58    9.13   -8.78    7.83   -8.80
2024 05 10 18 56 00    21.00  -21.70   11.88  -12.07    9.12   -9.62   16.92  -17.50    9.60   -9.34    7.32   -8.16
2024 05 10 18 58 00    20.86  -21.58   12.10  -12.45    8.76   -9.13   17.06  -17.58    9.08   -9.29    7.98   -8.29
2024 05 10 19 00 00    21.98  -22.10   12.82  -13.25    9.16   -8.85   17.77  -18.52    9.34  -10.08    8.43   -8.43
2024 05 10 19 02 00    20.61  -20.94   11.44  -12.16    9.18   -8.78   18.55  -19.27    9.95  -10.68    8.59   -8.58
2024 05 10 19 04 00    20.77  -21.20   11.20  -12.07    9.57   -9.13   18.73  -19.40    9.75  -10.67    8.98   -8.73
2024 05 10 19 06 00    23.96  -24.12   14.37  -15.23    9.59   -8.89   18.09  -18.71    9.36  -10.41    8.73   -8.30
2024 05 10 19 08 00    23.75  -24.03   13.64  -14.63   10.11   -9.40   19.05  -20.06   10.07  -11.57    8.98   -8.49
2024 05 10 19 10 00    22.83  -22.81   12.61  -13.57   10.22   -9.24   19.48  -20.27   10.17  -11.78    9.31   -8.49
2024 05 10 19 12 00    26.78  -26.81   14.95  -15.80   11.84  -11.01   18.58  -19.27    9.24  -11.12    9.33   -8.16
2024 05 10 19 14 00    26.31  -26.31   15.06  -16.05   11.25  -10.26   18.36  -19.25    9.88  -11.93    8.48   -7.32
2024 05 10 19 16 00    26.48  -26.26   16.45  -17.44   10.03   -8.82   18.44  -19.14    9.88  -12.06    8.56   -7.08
2024 05 10 19 18 00    24.02  -24.23   15.22  -16.55    8.80   -7.68   19.57  -20.55   10.26  -12.46    9.31   -8.10
2024 05 10 19 20 00    22.55  -22.45   14.45  -15.79    8.09   -6.67   19.52  -20.25   10.24  -12.21    9.28   -8.03
2024 05 10 19 22 00    22.25  -21.85   13.83  -15.20    8.42   -6.64   18.82  -19.18    9.66  -11.49    9.15   -7.69
2024 05 10 19 24 00    23.23  -23.16   14.77  -16.11    8.47   -7.04   18.07  -18.84    8.80  -10.90    9.27   -7.94
2024 05 10 19 26 00    21.83  -21.74   13.68  -15.12    8.16   -6.62   17.73  -18.42    8.35  -10.28    9.38   -8.14
2024 05 10 19 28 00    21.71  -21.44   13.77  -15.11    7.94   -6.33   17.15  -17.90    7.98   -9.55    9.17   -8.36
2024 05 10 19 30 00    20.22  -20.10   13.06  -14.49    7.16   -5.61   17.37  -17.79    8.53  -10.01    8.84   -7.78
2024 05 10 19 32 00    19.39  -19.38   12.50  -14.03    6.89   -5.34   19.16  -19.96    9.77  -11.25    9.39   -8.71
2024 05 10 19 34 00    21.38  -21.42   13.63  -14.98    7.75   -6.44   19.86  -20.39   10.06  -11.09    9.80   -9.29
2024 05 10 19 36 00    21.61  -21.36   13.59  -14.71    8.01   -6.66   19.83  -20.25    9.98  -10.46    9.86   -9.79
2024 05 10 19 38 00    21.97  -22.17   13.81  -15.35    8.16   -6.82   21.49  -21.90   11.38  -12.23   10.11   -9.67
2024 05 10 19 40 00    22.26  -22.07   14.35  -15.65    7.91   -6.42   21.21  -21.57   10.99  -12.01   10.21   -9.56
2024 05 10 19 42 00    24.83  -24.92   14.81  -16.12   10.02   -8.80   19.91  -20.22   10.16  -10.97    9.75   -9.25
2024 05 10 19 44 00    22.94  -22.56   13.39  -14.14    9.55   -8.42   17.49  -17.91    9.58  -10.52    7.91   -7.39
2024 05 10 19 46 00    21.73  -21.52   12.90  -13.82    8.82   -7.69   18.20  -18.79    9.09  -10.18    9.11   -8.61
2024 05 10 19 48 00    21.54  -21.54   12.33  -13.27    9.21   -8.27   18.15  -18.79    8.89   -9.91    9.25   -8.88
2024 05 10 19 50 00    21.81  -21.50   12.93  -13.70    8.88   -7.80   18.73  -19.38   10.09  -10.94    8.64   -8.44
2024 05 10 19 52 00    21.77  -21.98   12.39  -13.40    9.37   -8.58   18.01  -18.53    9.36  -10.17    8.65   -8.37
2024 05 10 19 54 00    22.24  -22.51   13.40  -14.08    8.84   -8.42   19.69  -20.39    9.22   -9.79   10.46  -10.60
2024 05 10 19 56 00    22.71  -22.64   13.28  -13.98    9.43   -8.66   19.93  -20.69    9.27   -9.75   10.66  -10.93
2024 05 10 19 58 00    21.57  -21.76   12.95  -13.78    8.62   -7.98   19.06  -19.39    8.92   -9.11   10.14  -10.28
2024 05 10 20 00 00    24.14  -24.18   13.66  -14.55   10.48   -9.63   18.07  -18.54    8.09   -8.13    9.98  -10.41
2024 05 10 20 02 00    23.18  -23.05   12.81  -13.90   10.37   -9.15   18.14  -18.67    7.78   -7.68   10.37  -10.99
2024 05 10 20 04 00    22.61  -22.78   11.57  -12.83   11.04   -9.95   19.59  -19.97    7.62   -7.45   11.96  -12.52
2024 05 10 20 06 00    23.34  -23.60   12.43  -13.77   10.91   -9.83   20.95  -21.34    7.84   -7.56   13.11  -13.78
2024 05 10 20 08 00    21.80  -22.08   11.32  -12.68   10.48   -9.40   23.74  -24.63    9.45   -9.21   14.29  -15.43
2024 05 10 20 10 00    21.84  -22.24   11.59  -13.02   10.26   -9.22   24.89  -25.59   10.25  -10.24   14.64  -15.34
2024 05 10 20 12 00    21.35  -21.72   11.20  -12.32   10.15   -9.40   23.56  -24.26    9.80   -9.86   13.76  -14.40
2024 05 10 20 14 00    27.19  -27.93   15.19  -16.35   11.99  -11.57   21.91  -22.97    9.74  -10.46   12.17  -12.51
2024 05 10 20 16 00    26.33  -27.26   14.59  -15.75   11.74  -11.52   24.74  -25.80   10.86  -12.34   13.88  -13.46
2024 05 10 20 18 00    26.77  -27.49   14.63  -15.96   12.15  -11.53   24.01  -25.17   10.59  -12.20   13.41  -12.97
2024 05 10 20 20 00    30.72  -30.92   16.91  -17.94   13.81  -12.98   23.65  -24.62   10.58  -12.24   13.07  -12.38
2024 05 10 20 22 00    31.47  -31.60   17.18  -18.20   14.28  -13.40   25.87  -26.69   10.06  -11.89   15.81  -14.79
2024 05 10 20 24 00    30.94  -30.87   15.95  -16.89   14.99  -13.98   25.08  -25.85    9.62  -11.53   15.46  -14.32
2024 05 10 20 26 00    28.63  -28.83   14.84  -16.14   13.78  -12.69   23.30  -24.41    9.63  -11.64   13.67  -12.77
2024 05 10 20 28 00    26.45  -26.78   13.66  -14.89   12.79  -11.89   26.10  -27.09   10.54  -12.30   15.56  -14.79
2024 05 10 20 30 00    25.56  -25.83   13.09  -14.34   12.47  -11.49   25.77  -27.14   10.29  -12.14   15.48  -15.00
2024 05 10 20 32 00    26.26  -26.60   13.61  -14.97   12.66  -11.62   26.16  -27.34   10.59  -12.00   15.57  -15.34
2024 05 10 20 34 00    23.77  -23.88   12.92  -14.22   10.84   -9.67   24.86  -25.90   10.20  -11.21   14.66  -14.68
2024 05 10 20 36 00    23.07  -23.17   12.15  -13.56   10.93   -9.61   25.70  -27.06   11.68  -13.11   14.02  -13.95
2024 05 10 20 38 00    21.39  -21.64   11.74  -13.19    9.66   -8.45   25.30  -26.76   11.62  -13.19   13.68  -13.57
2024 05 10 20 40 00    22.54  -22.92   12.26  -14.15   10.28   -8.77   22.76  -24.20   10.71  -12.42   12.05  -11.78
2024 05 10 20 42 00    23.65  -23.59   12.22  -13.88   11.43   -9.70   22.11  -23.79   10.51  -12.39   11.60  -11.40
2024 05 10 20 44 00    23.41  -23.55   11.92  -13.83   11.49   -9.72   22.77  -24.39   11.16  -12.91   11.61  -11.49
2024 05 10 20 46 00    23.44  -23.65   11.76  -13.80   11.69   -9.85   21.84  -23.09   10.48  -12.18   11.36  -10.91
2024 05 10 20 48 00    23.89  -23.81   11.51  -13.62   12.38  -10.19   20.63  -22.04    9.28  -11.03   11.35  -11.02
2024 05 10 20 50 00    22.66  -22.92   11.52  -13.62   11.13   -9.30   20.13  -21.43    9.44  -11.36   10.69  -10.07
2024 05 10 20 52 00    22.26  -22.39   11.49  -13.52   10.77   -8.87   22.02  -23.61    9.97  -12.85   12.05  -10.77
2024 05 10 20 54 00    22.04  -22.12   11.63  -13.71   10.41   -8.41   19.97  -21.59    8.80  -12.18   11.17   -9.41
2024 05 10 20 56 00    23.14  -23.20   13.06  -15.18   10.08   -8.02   20.43  -21.83    9.40  -12.66   11.03   -9.18
2024 05 10 20 58 00    24.80  -24.71   14.04  -16.11   10.76   -8.60   20.43  -22.01    9.38  -12.88   11.05   -9.13
2024 05 10 21 00 00    25.21  -25.35   14.41  -16.39   10.81   -8.96   20.99  -22.46    9.41  -13.67   11.58   -8.79
2024 05 10 21 02 00    28.94  -28.78   17.81  -19.55   11.12   -9.22   20.92  -22.41    9.65  -13.70   11.26   -8.71
2024 05 10 21 04 00    27.79  -28.03   17.19  -18.73   10.60   -9.30   21.74  -23.31    9.95  -14.13   11.80   -9.18
2024 05 10 21 06 00    27.26  -27.79   16.48  -17.77   10.79  -10.02   22.28  -23.53    9.67  -13.71   12.61   -9.82
2024 05 10 21 08 00    27.80  -27.87   17.20  -18.24   10.60   -9.63   22.75  -24.08    9.37  -12.90   13.38  -11.17
2024 05 10 21 10 00    27.09  -27.35   15.70  -16.79   11.39  -10.56   23.78  -24.91   10.58  -12.90   13.20  -12.00
2024 05 10 21 12 00    24.52  -24.83   13.68  -14.62   10.84  -10.20   20.92  -21.65    9.31  -11.22   11.60  -10.43
2024 05 10 21 14 00    25.71  -25.80   14.40  -15.16   11.31  -10.64   20.52  -21.75    8.90  -11.28   11.62  -10.46
2024 05 10 21 16 00    25.80  -25.92   13.48  -14.30   12.32  -11.62   21.11  -22.08    9.77  -11.96   11.34  -10.12
2024 05 10 21 18 00    27.67  -28.04   13.43  -14.49   14.23  -13.55   21.67  -22.86   10.51  -13.59   11.16   -9.27
2024 05 10 21 20 00    28.04  -28.46   13.47  -14.70   14.57  -13.76   23.07  -23.88   11.09  -14.89   11.98   -8.98
2024 05 10 21 22 00    28.76  -29.07   13.22  -14.28   15.54  -14.80   24.42  -25.69   11.19  -15.73   13.23   -9.96
2024 05 10 21 24 00    29.99  -30.24   14.40  -15.79   15.59  -14.45   24.02  -24.95   10.87  -15.04   13.16   -9.91
2024 05 10 21 26 00    28.88  -29.12   14.82  -16.16   14.06  -12.96   23.27  -24.17   10.37  -14.53   12.89   -9.64
2024 05 10 21 28 00    26.00  -26.45   14.26  -15.75   11.74  -10.70   21.90  -23.11    9.04  -13.28   12.86   -9.84
2024 05 10 21 30 00    25.66  -26.09   14.51  -16.19   11.15   -9.90   21.20  -22.58    9.34  -13.54   11.86   -9.04
2024 05 10 21 32 00    26.99  -27.43   15.69  -17.36   11.30  -10.07   22.96  -24.19   10.34  -14.31   12.61   -9.88
2024 05 10 21 34 00    26.90  -27.50   15.50  -17.30   11.40  -10.19   22.88  -24.15   11.18  -15.23   11.70   -8.92
2024 05 10 21 36 00    27.58  -28.09   15.64  -17.44   11.93  -10.66   23.03  -24.06   10.75  -14.58   12.29   -9.48
2024 05 10 21 38 00    26.53  -26.95   14.59  -16.16   11.94  -10.79   21.72  -22.93   10.21  -13.36   11.51   -9.57
2024 05 10 21 40 00    24.36  -24.59   12.90  -14.30   11.46  -10.29   21.13  -22.12    9.34  -12.23   11.79   -9.89
2024 05 10 21 42 00    24.99  -25.17   13.56  -14.71   11.42  -10.46   20.62  -21.54    9.50  -12.23   11.12   -9.31
2024 05 10 21 44 00    23.73  -23.90   13.42  -14.24   10.31   -9.66   19.42  -20.39    9.41  -11.87   10.01   -8.52
2024 05 10 21 46 00    25.05  -24.98   13.46  -14.24   11.58  -10.74   18.70  -19.66    8.88  -11.39    9.82   -8.27
2024 05 10 21 48 00    24.71  -24.64   13.58  -14.32   11.13  -10.32   19.06  -20.11    8.89  -11.20   10.17   -8.90
2024 05 10 21 50 00    22.84  -22.85   12.22  -12.89   10.62   -9.96   19.62  -20.63    9.21  -11.38   10.42   -9.25
2024 05 10 21 52 00    21.73  -21.79   11.85  -12.27    9.88   -9.52   19.23  -20.34    9.09  -11.31   10.14   -9.03
2024 05 10 21 54 00    21.22  -21.31   11.60  -12.06    9.62   -9.25   19.72  -20.72    9.24  -11.60   10.48   -9.12
2024 05 10 21 56 00    21.59  -21.59   12.31  -12.74    9.28   -8.85   19.16  -19.98    9.01  -11.01   10.15   -8.97
2024 05 10 21 58 00    20.84  -21.04   12.34  -12.71    8.50   -8.33   18.87  -19.77    8.93  -11.02    9.94   -8.74
2024 05 10 22 00 00    21.82  -22.23   13.27  -13.67    8.56   -8.57   19.58  -20.35   10.01  -11.76    9.56   -8.59
2024 05 10 22 02 00    23.29  -23.30   14.23  -14.20    9.06   -9.09   19.04  -19.57    9.91  -11.31    9.14   -8.26
2024 05 10 22 04 00    23.52  -23.77   14.38  -14.53    9.13   -9.24   19.50  -19.71   10.18  -11.28    9.33   -8.43
2024 05 10 22 06 00    24.22  -24.54   14.60  -14.59    9.61   -9.95   19.59  -20.30   10.19  -11.48    9.40   -8.82
2024 05 10 22 08 00    27.02  -27.48   16.67  -16.87   10.36  -10.61   21.03  -21.77    9.41  -10.38   11.62  -11.40
2024 05 10 22 10 00    26.41  -26.84   16.60  -17.31    9.81   -9.53   22.95  -23.54   11.06  -11.60   11.89  -11.93
2024 05 10 22 12 00    25.78  -26.40   15.77  -16.53   10.01   -9.87   22.40  -23.55   10.88  -11.97   11.53  -11.58
2024 05 10 22 14 00    25.20  -25.75   14.86  -15.62   10.34  -10.12   22.64  -23.43   11.46  -12.70   11.18  -10.72
2024 05 10 22 16 00    27.48  -28.17   15.00  -15.86   12.48  -12.31   21.50  -22.53   10.86  -12.70   10.65   -9.84
2024 05 10 22 18 00    29.79  -29.76   16.40  -17.08   13.39  -12.68   22.03  -22.95   10.81  -12.72   11.23  -10.23
2024 05 10 22 20 00    29.30  -29.22   15.07  -15.94   14.23  -13.27   22.63  -23.57   10.74  -12.75   11.89  -10.81
2024 05 10 22 22 00    28.43  -28.35   15.16  -16.05   13.26  -12.30   24.30  -25.88   10.88  -13.12   13.42  -12.75
2024 05 10 22 24 00    24.75  -24.60   13.84  -14.84   10.91   -9.75   27.12  -28.50   11.84  -13.95   15.28  -14.56
2024 05 10 22 26 00    23.93  -23.61   12.69  -13.90   11.24   -9.71   30.07  -31.83   14.49  -16.69   15.59  -15.14
2024 05 10 22 28 00    30.99  -31.32   18.23  -19.93   12.76  -11.39   31.48  -32.81   15.54  -17.32   15.95  -15.49
2024 05 10 22 30 00    33.19  -33.74   17.39  -19.57   15.80  -14.17   33.33  -34.80   19.08  -20.93   14.25  -13.87
2024 05 10 22 32 00    35.08  -35.14   18.87  -21.26   16.21  -13.88   38.93  -41.12   18.64  -20.86   20.29  -20.26
2024 05 10 22 34 00    35.45  -36.13   19.79  -22.75   15.66  -13.37   31.67  -33.17   16.94  -18.63   14.73  -14.54
2024 05 10 22 36 00    36.22  -36.58   19.99  -22.76   16.22  -13.82   31.56  -32.92   16.35  -18.08   15.21  -14.83
2024 05 10 22 38 00    32.25  -32.48   18.49  -21.17   13.76  -11.31   29.10  -30.33   15.09  -16.56   14.01  -13.78
2024 05 10 22 40 00    30.76  -31.36   18.64  -20.77   12.11  -10.59   27.32  -28.44   13.98  -15.52   13.34  -12.92
2024 05 10 22 42 00    32.13  -32.10   17.40  -18.73   14.72  -13.37   26.35  -27.70   13.32  -14.99   13.03  -12.71
2024 05 10 22 44 00    33.09  -33.06   18.87  -19.64   14.22  -13.42   26.42  -27.94   13.26  -15.30   13.16  -12.64
2024 05 10 22 46 00    32.37  -32.05   18.21  -18.45   14.16  -13.61   26.45  -27.63   13.09  -15.25   13.36  -12.38
2024 05 10 22 48 00    35.16  -34.78   20.57  -20.59   14.58  -14.20   27.33  -28.93   13.41  -15.77   13.93  -13.16
2024 05 10 22 50 00    33.19  -32.49   19.73  -19.21   13.46  -13.28   26.93  -28.46   13.09  -15.77   13.85  -12.70
2024 05 10 22 52 00    32.13  -31.72   19.57  -18.78   12.55  -12.94   25.70  -27.34   12.76  -15.56   12.94  -11.79
2024 05 10 22 54 00    30.27  -30.05   17.91  -17.12   12.36  -12.92   25.20  -26.64   11.93  -14.81   13.27  -11.84
2024 05 10 22 56 00    32.32  -31.98   18.69  -18.36   13.64  -13.62   24.74  -25.88   11.18  -13.63   13.56  -12.26
2024 05 10 22 58 00    33.32  -33.11   19.58  -19.00   13.75  -14.10   26.22  -27.36   12.14  -14.31   14.09  -13.05
2024 05 10 23 00 00    32.48  -32.45   18.69  -18.40   13.79  -14.05   26.42  -27.29   11.89  -14.04   14.52  -13.24
2024 05 10 23 02 00    35.62  -35.71   18.44  -18.14   17.18  -17.57   25.30  -26.21   11.32  -13.32   13.98  -12.89
2024 05 10 23 04 00    32.61  -32.50   19.20  -18.88   13.41  -13.62   25.11  -25.83   11.52  -13.19   13.58  -12.64
2024 05 10 23 06 00    29.34  -29.27   17.15  -16.71   12.19  -12.56   22.54  -23.45   10.33  -11.72   12.21  -11.73
2024 05 10 23 08 00    30.08  -30.47   16.47  -16.42   13.61  -14.05   20.81  -21.73    8.64  -10.22   12.17  -11.51
2024 05 10 23 10 00    31.47  -31.57   17.29  -17.63   14.18  -13.95   21.49  -22.67    8.72  -10.11   12.78  -12.56
2024 05 10 23 12 00    31.74  -31.87   16.77  -17.11   14.97  -14.76   21.27  -22.54    8.90  -10.29   12.38  -12.24
2024 05 10 23 14 00    29.56  -29.91   14.62  -14.91   14.94  -15.00   20.35  -21.55    8.63  -10.08   11.72  -11.46
2024 05 10 23 16 00    27.43  -27.80   13.64  -13.86   13.79  -13.93   18.11  -19.12    7.57   -8.91   10.54  -10.21
2024 05 10 23 18 00    25.97  -26.38   13.02  -13.31   12.95  -13.07   17.36  -18.77    7.45   -9.11    9.91   -9.66
2024 05 10 23 20 00    25.94  -25.96   13.56  -13.62   12.38  -12.34   18.01  -19.05    8.21   -9.52    9.80   -9.53
2024 05 10 23 22 00    24.72  -25.00   12.76  -12.93   11.96  -12.08   18.03  -18.76    8.40   -9.26    9.63   -9.50
2024 05 10 23 24 00    26.18  -26.34   14.86  -14.76   11.32  -11.58   17.45  -17.95    7.91   -8.79    9.53   -9.16
2024 05 10 23 26 00    26.47  -26.53   14.38  -14.13   12.09  -12.40   16.31  -16.50    7.82   -8.27    8.49   -8.23
2024 05 10 23 28 00    25.68  -26.01   13.88  -13.71   11.80  -12.30   15.84  -16.64    7.69   -8.53    8.15   -8.11
2024 05 10 23 30 00    27.23  -27.66   15.82  -15.66   11.41  -12.00   15.84  -16.41    7.57   -8.48    8.26   -7.94
2024 05 10 23 32 00    27.06  -27.18   16.26  -15.97   10.79  -11.21   15.29  -15.83    7.24   -8.31    8.05   -7.52
2024 05 10 23 34 00    26.19  -26.74   15.58  -15.45   10.60  -11.28   15.50  -16.15    7.40   -8.15    8.11   -8.00
2024 05 10 23 36 00    26.26  -26.98   16.15  -16.07   10.11  -10.91   16.75  -16.83    7.66   -8.09    9.10   -8.74
2024 05 10 23 38 00    24.13  -24.74   15.00  -14.89    9.13   -9.85   17.43  -17.19    8.08   -8.55    9.35   -8.64
2024 05 10 23 40 00    21.04  -21.63   12.72  -12.52    8.32   -9.11   15.49  -15.51    7.09   -7.51    8.40   -8.00
2024 05 10 23 42 00    19.66  -20.04   11.13  -10.81    8.53   -9.23   14.56  -14.55    6.52   -7.00    8.05   -7.55
2024 05 10 23 44 00    19.01  -19.13   10.85  -10.60    8.17   -8.53   14.37  -14.43    6.22   -6.74    8.15   -7.69
2024 05 10 23 46 00    18.19  -18.59   10.15   -9.96    8.04   -8.64   13.94  -14.07    5.86   -6.40    8.08   -7.67
2024 05 10 23 48 00    17.15  -17.53    9.74   -9.81    7.41   -7.71   12.82  -12.84    5.96   -6.20    6.86   -6.63
2024 05 10 23 50 00    16.97  -17.15   10.35  -10.13    6.61   -7.03   12.92  -13.26    5.68   -5.93    7.25   -7.33
2024 05 10 23 52 00    16.81  -17.12   10.13  -10.01    6.68   -7.11   14.59  -14.71    6.65   -6.73    7.94   -7.98
2024 05 10 23 54 00    17.02  -16.98    9.84   -9.50    7.18   -7.48   15.05  -14.81    6.54   -6.09    8.51   -8.72
2024 05 10 23 56 00    16.85  -17.13    9.47   -9.15    7.38   -7.98   15.84  -15.78    6.75   -6.17    9.08   -9.61
2024 05 10 23 58 00    17.23  -17.84    9.29   -9.05    7.93   -8.79   17.52  -17.13    7.79   -6.96    9.74  -10.17
