year, month, day, hour, minute, second, I total up North [MA], I total down North [MA], I day up North [MA], I day down North [MA], I night up North [MA], I night down North [MA], I total up South [MA], I total down South [MA], I day up South [MA], I day down South [MA], I night up South [MA], I night down South [MA]
2024 05 12 00 00 00     3.83   -4.05    2.82   -2.67    1.01   -1.38    2.22   -2.03    1.23   -1.30    0.98   -0.73
2024 05 12 00 02 00     3.94   -3.98    2.74   -2.50    1.21   -1.47    2.40   -2.03    1.40   -1.14    1.00   -0.89
2024 05 12 00 04 00     4.21   -4.33    2.80   -2.63    1.41   -1.70    2.57   -2.29    1.59   -1.30    0.98   -0.99
2024 05 12 00 06 00     4.45   -4.73    2.99   -2.89    1.46   -1.84    2.44   -2.20    1.44   -1.16    1.00   -1.04
2024 05 12 00 08 00     4.58   -5.00    3.14   -3.12    1.44   -1.88    2.87   -2.65    1.66   -1.35    1.21   -1.30
2024 05 12 00 10 00     4.73   -4.87    3.32   -3.16    1.42   -1.71    3.00   -3.05    1.80   -1.50    1.20   -1.55
2024 05 12 00 12 00     4.60   -5.01    3.26   -3.32    1.35   -1.69    2.51   -2.38    1.16   -0.94    1.35   -1.44
2024 05 12 00 14 00     4.44   -4.71    2.59   -2.70    1.85   -2.01    2.80   -2.66    1.30   -1.06    1.50   -1.60
2024 05 12 00 16 00     4.63   -4.74    2.96   -3.00    1.68   -1.74    3.01   -3.20    1.63   -1.50    1.38   -1.70
2024 05 12 00 18 00     4.50   -4.74    2.85   -3.08    1.66   -1.66    3.01   -2.90    1.41   -1.12    1.59   -1.78
2024 05 12 00 20 00     4.55   -4.82    2.95   -3.14    1.60   -1.68    3.08   -2.97    1.51   -1.17    1.57   -1.80
2024 05 12 00 22 00     4.61   -4.75    3.10   -3.04    1.52   -1.71    3.50   -3.36    1.68   -1.29    1.82   -2.08
2024 05 12 00 24 00     4.85   -5.04    2.89   -2.97    1.96   -2.07    3.87   -3.50    1.78   -1.35    2.09   -2.15
2024 05 12 00 26 00     4.68   -4.82    2.56   -2.68    2.12   -2.13    4.11   -3.99    1.91   -1.73    2.20   -2.26
2024 05 12 00 28 00     4.76   -4.69    2.65   -2.65    2.10   -2.04    3.66   -3.42    1.69   -1.56    1.96   -1.86
2024 05 12 00 30 00     5.02   -5.08    2.58   -2.64    2.44   -2.44    3.47   -3.19    1.58   -1.55    1.89   -1.64
2024 05 12 00 32 00     4.57   -4.62    2.54   -2.56    2.03   -2.06    3.28   -3.00    1.55   -1.52    1.73   -1.48
2024 05 12 00 34 00     4.53   -4.45    2.50   -2.51    2.03   -1.94    3.40   -3.16    1.33   -1.19    2.07   -1.98
2024 05 12 00 36 00     5.41   -5.64    3.16   -3.33    2.25   -2.31    3.72   -3.44    1.51   -1.47    2.21   -1.97
2024 05 12 00 38 00     5.80   -5.91    3.25   -3.37    2.55   -2.54    3.95   -3.68    1.56   -1.63    2.39   -2.05
2024 05 12 00 40 00     6.12   -6.37    3.31   -3.63    2.81   -2.74    4.08   -3.93    1.62   -1.58    2.46   -2.34
2024 05 12 00 42 00     6.48   -6.58    3.53   -3.54    2.95   -3.05    4.01   -3.69    1.58   -1.39    2.43   -2.30
2024 05 12 00 44 00     6.38   -6.67    3.67   -3.73    2.71   -2.94    3.97   -3.48    1.71   -1.66    2.26   -1.83
2024 05 12 00 46 00     5.96   -6.42    3.30   -3.34    2.66   -3.08    3.82   -3.35    1.67   -1.64    2.15   -1.71
2024 05 12 00 48 00     5.35   -5.76    3.28   -3.23    2.07   -2.53    3.42   -2.93    1.48   -1.36    1.94   -1.57
2024 05 12 00 50 00     5.47   -5.75    3.39   -3.23    2.07   -2.52    3.86   -3.12    1.70   -1.66    2.16   -1.46
2024 05 12 00 52 00     5.56   -5.98    3.46   -3.46    2.10   -2.52    3.92   -3.23    1.80   -1.79    2.12   -1.44
2024 05 12 00 54 00     4.92   -5.35    3.07   -3.00    1.86   -2.35    4.29   -3.79    2.11   -2.09    2.18   -1.70
2024 05 12 00 56 00     5.29   -5.73    3.56   -3.52    1.73   -2.21    4.62   -3.88    2.36   -2.10    2.26   -1.78
2024 05 12 00 58 00     5.27   -5.83    3.49   -3.47    1.78   -2.36    4.29   -3.71    1.82   -1.62    2.47   -2.09
2024 05 12 01 00 00     5.37   -5.89    3.44   -3.30    1.93   -2.59    4.50   -3.91    2.10   -1.89    2.40   -2.02
2024 05 12 01 02 00     5.84   -6.03    3.66   -3.59    2.18   -2.44    4.49   -3.93    2.18   -1.90    2.31   -2.04
2024 05 12 01 04 00     5.99   -6.24    3.79   -3.97    2.20   -2.28    4.80   -4.26    2.25   -2.23    2.55   -2.03
2024 05 12 01 06 00     6.55   -6.70    3.82   -3.91    2.72   -2.79    5.19   -4.80    2.52   -2.55    2.67   -2.25
2024 05 12 01 08 00     6.61   -7.04    3.89   -4.19    2.72   -2.84    5.36   -4.93    2.40   -2.71    2.96   -2.22
2024 05 12 01 10 00     6.84   -7.15    4.15   -4.36    2.69   -2.80    5.77   -5.30    2.49   -2.65    3.28   -2.65
2024 05 12 01 12 00     7.35   -7.32    4.26   -4.27    3.09   -3.05    5.79   -5.33    2.51   -2.81    3.28   -2.52
2024 05 12 01 14 00     7.45   -7.55    4.39   -4.56    3.05   -2.98    6.51   -5.67    3.11   -3.16    3.40   -2.50
2024 05 12 01 16 00     7.86   -7.78    4.42   -4.53    3.44   -3.25    7.04   -6.53    3.38   -3.51    3.67   -3.03
2024 05 12 01 18 00     8.22   -8.07    4.29   -4.39    3.93   -3.68    6.73   -6.43    3.24   -3.47    3.48   -2.96
2024 05 12 01 20 00     8.40   -8.21    4.52   -4.96    3.88   -3.26    6.13   -5.70    2.65   -2.76    3.48   -2.94
2024 05 12 01 22 00     8.63   -8.16    4.60   -4.86    4.03   -3.30    6.36   -6.05    2.87   -3.16    3.49   -2.89
2024 05 12 01 24 00     8.36   -8.13    4.44   -4.70    3.92   -3.43    6.00   -6.09    2.61   -3.63    3.39   -2.46
2024 05 12 01 26 00     8.31   -8.12    4.57   -5.00    3.74   -3.12    6.22   -6.83    2.58   -3.99    3.65   -2.84
2024 05 12 01 28 00     8.58   -8.57    4.85   -5.43    3.73   -3.14    7.08   -7.77    2.98   -4.42    4.09   -3.35
2024 05 12 01 30 00     9.10   -8.91    5.27   -5.98    3.83   -2.93    6.98   -7.77    2.82   -4.61    4.17   -3.16
2024 05 12 01 32 00    10.23   -9.89    5.34   -6.24    4.88   -3.65    7.55   -8.61    3.48   -5.55    4.07   -3.06
2024 05 12 01 34 00    10.78  -10.46    5.75   -6.75    5.03   -3.71    8.22   -8.97    3.84   -5.93    4.38   -3.03
2024 05 12 01 36 00    11.14  -10.91    5.73   -6.87    5.41   -4.04    8.67   -9.25    3.96   -6.10    4.71   -3.15
2024 05 12 01 38 00    10.45  -10.17    5.37   -6.73    5.08   -3.44    8.09   -8.82    3.56   -5.88    4.53   -2.94
2024 05 12 01 40 00    10.04   -9.93    5.24   -6.65    4.79   -3.28    8.13   -8.85    3.66   -5.70    4.47   -3.15
2024 05 12 01 42 00     9.73   -9.71    5.34   -6.92    4.38   -2.79    8.57   -9.09    3.87   -5.47    4.70   -3.62
2024 05 12 01 44 00    10.25  -10.29    5.48   -7.47    4.77   -2.82    8.68   -9.30    3.80   -5.57    4.88   -3.74
2024 05 12 01 46 00    11.23  -11.02    6.06   -7.95    5.17   -3.08    8.44   -8.78    3.47   -5.10    4.97   -3.68
2024 05 12 01 48 00    10.64  -10.68    5.91   -7.71    4.72   -2.96    8.55   -8.56    3.64   -4.98    4.91   -3.59
2024 05 12 01 50 00    10.08  -10.03    5.18   -7.09    4.90   -2.94    8.40   -8.13    3.62   -5.27    4.79   -2.86
2024 05 12 01 52 00     9.98   -9.80    5.26   -7.05    4.72   -2.75    7.93   -8.29    2.92   -4.99    5.01   -3.30
2024 05 12 01 54 00     9.73   -9.65    5.04   -6.93    4.69   -2.72    7.81   -8.48    3.26   -5.57    4.54   -2.90
2024 05 12 01 56 00     8.85   -8.86    4.80   -6.56    4.05   -2.30    9.78  -10.48    4.85   -7.30    4.93   -3.18
2024 05 12 01 58 00     9.67   -9.90    5.46   -7.49    4.21   -2.41   10.64  -10.92    5.22   -7.44    5.43   -3.48
2024 05 12 02 00 00    10.13   -9.89    5.83   -7.46    4.29   -2.43    9.90  -10.34    4.72   -6.97    5.19   -3.37
2024 05 12 02 02 00     9.62   -9.52    5.69   -7.56    3.92   -1.96    9.96  -10.12    4.60   -6.62    5.36   -3.50
2024 05 12 02 04 00    10.01   -9.79    6.20   -7.74    3.81   -2.05    9.61   -9.81    4.33   -6.27    5.27   -3.54
2024 05 12 02 06 00    12.19  -12.15    7.23   -8.24    4.96   -3.91    8.88   -8.90    3.54   -5.20    5.34   -3.70
2024 05 12 02 08 00    11.99  -12.36    7.02   -8.46    4.98   -3.89   10.04  -10.45    4.29   -5.85    5.75   -4.60
2024 05 12 02 10 00    12.58  -12.90    7.48   -8.81    5.10   -4.10    9.90   -9.96    4.22   -5.51    5.68   -4.44
2024 05 12 02 12 00    12.61  -12.68    7.47   -8.27    5.14   -4.41   10.44  -10.47    4.66   -5.78    5.78   -4.70
2024 05 12 02 14 00    10.75  -11.20    6.58   -7.96    4.16   -3.24    9.89  -10.16    4.59   -5.82    5.29   -4.34
2024 05 12 02 16 00     9.72   -9.78    6.04   -6.94    3.69   -2.83   10.68  -10.66    5.01   -5.84    5.67   -4.81
2024 05 12 02 18 00     9.04   -9.28    5.58   -6.40    3.46   -2.89    9.73   -9.66    4.53   -5.77    5.21   -3.89
2024 05 12 02 20 00     9.23   -9.59    5.51   -6.43    3.72   -3.16    9.38   -9.11    4.52   -5.71    4.85   -3.39
2024 05 12 02 22 00     9.62  -10.15    5.96   -6.97    3.66   -3.17    8.52   -8.17    4.07   -4.90    4.45   -3.27
2024 05 12 02 24 00     9.92  -10.35    5.94   -6.90    3.98   -3.45    8.32   -8.20    3.95   -4.92    4.37   -3.28
2024 05 12 02 26 00    10.46  -10.53    6.42   -7.00    4.04   -3.53    8.05   -7.80    3.70   -4.47    4.35   -3.33
2024 05 12 02 28 00    10.96  -10.95    7.13   -7.70    3.83   -3.24    7.52   -7.14    3.56   -4.12    3.96   -3.02
2024 05 12 02 30 00    11.09  -11.44    7.38   -7.83    3.71   -3.61    7.31   -6.78    3.47   -4.09    3.84   -2.69
2024 05 12 02 32 00    10.78  -10.85    7.12   -7.56    3.66   -3.29    7.06   -6.53    3.26   -4.00    3.80   -2.53
2024 05 12 02 34 00    11.13  -10.95    6.79   -7.50    4.34   -3.46    7.75   -7.49    3.60   -4.35    4.15   -3.14
2024 05 12 02 36 00    11.22  -11.15    6.69   -7.53    4.53   -3.62    8.57   -8.06    4.18   -4.74    4.39   -3.32
2024 05 12 02 38 00    11.69  -11.57    7.12   -7.85    4.57   -3.72    8.91   -7.85    4.51   -4.70    4.39   -3.15
2024 05 12 02 40 00    10.61  -10.51    6.56   -7.11    4.05   -3.41    9.16   -8.21    4.37   -4.84    4.79   -3.36
2024 05 12 02 42 00    10.68  -11.05    6.89   -7.57    3.79   -3.48    9.94   -9.01    4.99   -5.57    4.94   -3.45
2024 05 12 02 44 00    10.07  -10.18    6.53   -7.36    3.54   -2.82    9.25   -8.20    4.29   -5.35    4.96   -2.85
2024 05 12 02 46 00    11.13  -11.09    6.64   -7.36    4.48   -3.73    9.30   -8.70    4.42   -5.94    4.88   -2.76
2024 05 12 02 48 00    10.40  -10.62    5.69   -6.84    4.71   -3.79    8.85   -8.21    3.99   -5.44    4.86   -2.77
2024 05 12 02 50 00    10.37  -10.54    5.43   -6.64    4.94   -3.90    8.45   -8.23    3.56   -5.28    4.89   -2.94
2024 05 12 02 52 00    10.63  -10.74    5.66   -6.68    4.97   -4.06    9.53   -9.69    3.92   -5.97    5.60   -3.72
2024 05 12 02 54 00    10.26  -10.45    5.63   -6.67    4.63   -3.78   10.00   -9.79    3.92   -5.85    6.09   -3.94
2024 05 12 02 56 00    10.05   -9.92    5.72   -6.64    4.34   -3.27    9.78   -9.80    3.74   -5.87    6.04   -3.93
2024 05 12 02 58 00     9.78   -9.70    5.57   -6.69    4.20   -3.01    8.32   -8.31    2.60   -4.71    5.72   -3.60
2024 05 12 03 00 00    10.51  -10.68    5.83   -7.02    4.68   -3.65    8.73   -8.66    2.96   -5.06    5.76   -3.59
2024 05 12 03 02 00     9.27   -9.23    4.63   -5.63    4.64   -3.60    7.87   -8.15    2.55   -4.53    5.32   -3.62
2024 05 12 03 04 00     9.70   -9.53    4.40   -5.39    5.30   -4.14    7.66   -7.38    2.75   -4.40    4.91   -2.97
2024 05 12 03 06 00     9.11   -9.10    4.13   -5.27    4.99   -3.84    7.68   -7.60    3.27   -5.04    4.41   -2.55
2024 05 12 03 08 00     9.35   -9.28    4.32   -5.49    5.03   -3.79    7.77   -8.21    3.22   -4.92    4.55   -3.29
2024 05 12 03 10 00     9.61   -9.67    4.53   -5.79    5.08   -3.88    7.42   -7.93    2.90   -4.55    4.51   -3.37
2024 05 12 03 12 00     9.25   -9.20    4.45   -5.65    4.80   -3.55    7.56   -8.18    2.74   -4.34    4.82   -3.83
2024 05 12 03 14 00     8.59   -8.20    4.34   -5.23    4.25   -2.97    7.27   -7.87    2.85   -4.53    4.42   -3.34
2024 05 12 03 16 00     9.14   -8.62    4.49   -5.33    4.65   -3.29    6.84   -7.56    2.61   -4.29    4.24   -3.27
2024 05 12 03 18 00     9.40   -9.00    4.53   -5.58    4.87   -3.42    7.06   -7.36    2.89   -4.30    4.17   -3.07
2024 05 12 03 20 00     9.35   -9.37    4.74   -6.09    4.60   -3.28    7.36   -7.69    3.08   -4.59    4.28   -3.10
2024 05 12 03 22 00     9.23   -9.27    4.67   -5.99    4.56   -3.28    6.88   -6.92    2.71   -3.94    4.17   -2.98
2024 05 12 03 24 00     8.54   -8.46    4.43   -5.48    4.11   -2.99    6.84   -6.95    2.85   -3.80    3.98   -3.15
2024 05 12 03 26 00     7.86   -8.03    4.12   -5.35    3.74   -2.68    6.42   -6.57    2.32   -3.43    4.11   -3.14
2024 05 12 03 28 00     7.36   -7.30    3.92   -4.82    3.43   -2.48    6.61   -6.32    2.18   -3.35    4.43   -2.97
2024 05 12 03 30 00     7.21   -7.17    3.91   -4.88    3.30   -2.29    6.77   -6.66    2.57   -3.63    4.20   -3.04
2024 05 12 03 32 00     7.53   -7.87    4.26   -5.65    3.27   -2.22    7.10   -6.92    2.85   -3.88    4.25   -3.04
2024 05 12 03 34 00     9.18   -9.13    5.08   -6.25    4.10   -2.88    7.55   -7.70    3.48   -4.65    4.07   -3.05
2024 05 12 03 36 00    10.11  -10.13    5.53   -6.90    4.58   -3.24    7.70   -8.10    3.66   -4.95    4.04   -3.15
2024 05 12 03 38 00    10.69  -10.78    5.96   -7.44    4.73   -3.34    7.55   -8.06    3.48   -4.93    4.07   -3.13
2024 05 12 03 40 00    10.89  -11.05    6.13   -7.63    4.76   -3.42    8.64   -8.65    4.28   -5.75    4.37   -2.90
2024 05 12 03 42 00     9.08   -9.20    5.14   -6.76    3.94   -2.44    9.13   -8.90    4.95   -6.57    4.18   -2.33
2024 05 12 03 44 00     8.37   -8.56    4.29   -6.02    4.08   -2.54   10.22   -9.87    4.80   -6.27    5.42   -3.59
2024 05 12 03 46 00     8.05   -8.15    3.88   -5.44    4.17   -2.71   10.02   -9.82    4.40   -5.85    5.61   -3.98
2024 05 12 03 48 00     8.20   -8.35    4.18   -5.59    4.01   -2.76    9.75   -9.40    4.38   -5.51    5.37   -3.89
2024 05 12 03 50 00     8.43   -8.45    3.95   -5.18    4.49   -3.26   10.12  -10.10    5.18   -6.50    4.94   -3.59
2024 05 12 03 52 00     9.49   -9.46    4.90   -6.02    4.60   -3.43    9.70   -9.97    4.95   -6.45    4.74   -3.52
2024 05 12 03 54 00    10.68  -10.91    5.71   -7.14    4.97   -3.77   10.07  -10.11    5.51   -6.83    4.56   -3.28
2024 05 12 03 56 00    12.09  -11.81    6.68   -7.94    5.41   -3.86    9.96  -10.09    5.45   -7.01    4.51   -3.08
2024 05 12 03 58 00    12.40  -12.37    7.48   -8.76    4.92   -3.61    8.92   -8.86    4.18   -5.61    4.74   -3.25
2024 05 12 04 00 00    11.32  -11.26    6.90   -8.34    4.42   -2.92   10.55  -10.41    5.08   -6.81    5.47   -3.59
2024 05 12 04 02 00    11.07  -11.40    6.29   -7.99    4.77   -3.41   11.89  -11.31    6.33   -7.80    5.56   -3.51
2024 05 12 04 04 00    10.49  -10.81    6.21   -7.76    4.29   -3.05   11.99  -11.53    6.28   -7.81    5.71   -3.72
2024 05 12 04 06 00    10.56  -10.68    6.19   -7.57    4.37   -3.11   12.09  -11.82    6.54   -8.30    5.54   -3.52
2024 05 12 04 08 00     9.96  -10.27    5.58   -6.99    4.38   -3.28   12.35  -11.96    6.58   -8.43    5.77   -3.53
2024 05 12 04 10 00    11.54  -11.64    6.38   -7.46    5.17   -4.18    9.48   -9.36    4.72   -6.60    4.76   -2.76
2024 05 12 04 12 00    12.23  -12.56    6.51   -7.65    5.71   -4.91    9.74   -9.42    4.75   -6.61    5.00   -2.81
2024 05 12 04 14 00    12.21  -12.58    6.86   -7.98    5.35   -4.60   10.13   -9.82    5.27   -7.06    4.86   -2.76
2024 05 12 04 16 00    13.12  -13.18    7.36   -8.57    5.76   -4.61   10.04   -9.74    5.44   -7.18    4.60   -2.56
2024 05 12 04 18 00    11.93  -11.93    6.83   -8.01    5.10   -3.92    9.79   -9.74    5.35   -6.96    4.44   -2.78
2024 05 12 04 20 00    11.94  -12.19    7.05   -8.52    4.88   -3.67   10.31   -9.96    5.51   -7.22    4.79   -2.73
2024 05 12 04 22 00    13.16  -13.31    7.67   -9.01    5.49   -4.30   11.14  -10.68    5.14   -6.75    6.00   -3.93
2024 05 12 04 24 00    13.24  -13.07    7.11   -8.37    6.14   -4.71   12.26  -11.87    5.33   -6.80    6.93   -5.07
2024 05 12 04 26 00    14.03  -14.13    7.00   -8.06    7.02   -6.06   13.05  -12.78    5.12   -6.42    7.93   -6.36
2024 05 12 04 28 00    12.78  -12.98    6.41   -7.45    6.37   -5.53   12.54  -12.27    4.60   -6.10    7.95   -6.17
2024 05 12 04 30 00    12.61  -12.94    6.09   -7.24    6.52   -5.70   13.16  -12.83    4.60   -6.37    8.56   -6.46
2024 05 12 04 32 00    11.35  -11.48    6.05   -7.07    5.31   -4.41   11.03  -10.86    4.04   -5.46    7.00   -5.40
2024 05 12 04 34 00    11.57  -11.07    5.72   -6.60    5.85   -4.47   10.19   -9.98    3.76   -5.21    6.43   -4.76
2024 05 12 04 36 00    10.86  -10.25    5.37   -6.02    5.49   -4.24   10.51  -10.37    3.84   -5.20    6.67   -5.17
2024 05 12 04 38 00    11.08  -10.66    5.51   -6.18    5.57   -4.48    9.62   -9.09    3.58   -4.66    6.04   -4.43
2024 05 12 04 40 00    13.37  -13.55    7.25   -8.52    6.12   -5.04    9.06   -8.61    3.57   -4.35    5.49   -4.27
2024 05 12 04 42 00    10.43   -9.96    4.90   -5.39    5.53   -4.57    8.49   -8.15    3.70   -4.54    4.80   -3.61
2024 05 12 04 44 00    10.00   -9.57    4.90   -5.39    5.10   -4.18    8.07   -7.94    3.59   -4.31    4.48   -3.63
2024 05 12 04 46 00     9.74   -9.42    5.07   -5.54    4.67   -3.88    8.66   -8.40    4.23   -4.67    4.43   -3.74
2024 05 12 04 48 00     9.67   -9.13    5.15   -5.33    4.52   -3.79    7.77   -7.67    3.94   -4.54    3.83   -3.13
2024 05 12 04 50 00     9.36   -8.86    5.61   -5.84    3.75   -3.02    8.40   -8.29    4.56   -4.99    3.84   -3.30
2024 05 12 04 52 00     8.62   -8.51    5.13   -5.45    3.48   -3.07    7.51   -7.52    4.00   -4.40    3.51   -3.12
2024 05 12 04 54 00     8.49   -8.48    5.14   -5.50    3.35   -2.98    6.78   -7.05    3.63   -4.15    3.15   -2.90
2024 05 12 04 56 00     7.45   -7.00    4.62   -4.76    2.83   -2.25    5.86   -6.00    3.00   -3.30    2.86   -2.71
2024 05 12 04 58 00     6.13   -5.67    3.69   -3.79    2.44   -1.88    5.92   -5.68    2.96   -3.16    2.96   -2.52
2024 05 12 05 00 00     6.58   -6.20    3.99   -3.96    2.58   -2.24    5.83   -5.31    2.78   -2.98    3.05   -2.34
2024 05 12 05 02 00     6.59   -6.11    4.28   -4.12    2.30   -1.99    5.42   -5.26    2.72   -3.04    2.69   -2.21
2024 05 12 05 04 00     6.55   -5.96    4.47   -4.34    2.08   -1.62    5.21   -5.13    2.66   -2.99    2.54   -2.14
2024 05 12 05 06 00     6.08   -5.58    4.14   -4.14    1.94   -1.44    5.13   -4.94    2.65   -2.87    2.48   -2.07
2024 05 12 05 08 00     5.49   -4.89    3.90   -3.82    1.58   -1.07    4.64   -4.35    2.33   -2.50    2.30   -1.85
2024 05 12 05 10 00     5.06   -4.92    3.98   -3.95    1.08   -0.96    4.50   -3.88    2.48   -2.40    2.01   -1.48
2024 05 12 05 12 00     5.17   -4.94    3.87   -3.89    1.30   -1.05    4.48   -3.71    2.52   -2.32    1.96   -1.39
2024 05 12 05 14 00     4.30   -4.03    3.32   -3.24    0.98   -0.79    4.15   -3.98    2.35   -2.42    1.80   -1.56
2024 05 12 05 16 00     4.43   -4.17    3.41   -3.22    1.01   -0.95    3.97   -3.99    2.31   -2.51    1.66   -1.48
2024 05 12 05 18 00     4.75   -4.51    3.34   -3.23    1.41   -1.28    3.87   -4.04    2.38   -2.52    1.49   -1.52
2024 05 12 05 20 00     4.98   -4.62    3.30   -3.00    1.68   -1.62    3.30   -3.51    1.96   -2.27    1.34   -1.24
2024 05 12 05 22 00     4.87   -4.56    3.25   -3.03    1.62   -1.52    3.46   -3.34    1.89   -2.08    1.56   -1.26
2024 05 12 05 24 00     4.70   -4.44    3.28   -3.08    1.41   -1.36    3.29   -3.18    1.87   -1.99    1.42   -1.20
2024 05 12 05 26 00     4.76   -4.28    3.27   -2.81    1.49   -1.47    3.30   -3.31    1.86   -1.83    1.45   -1.49
2024 05 12 05 28 00     5.53   -4.77    3.30   -2.82    2.23   -1.95    3.37   -3.15    1.74   -1.73    1.64   -1.42
2024 05 12 05 30 00     5.31   -4.82    3.10   -2.91    2.21   -1.91    3.67   -3.47    1.88   -1.84    1.79   -1.63
2024 05 12 05 32 00     5.55   -4.99    3.24   -3.11    2.31   -1.88    3.47   -3.17    1.50   -1.48    1.97   -1.69
2024 05 12 05 34 00     4.98   -4.61    3.06   -2.90    1.92   -1.70    3.64   -3.23    1.46   -1.49    2.18   -1.73
2024 05 12 05 36 00     4.80   -4.26    3.01   -2.63    1.79   -1.63    3.32   -3.03    1.51   -1.58    1.81   -1.45
2024 05 12 05 38 00     4.51   -3.79    2.74   -2.43    1.77   -1.35    3.07   -2.74    1.26   -1.38    1.81   -1.36
2024 05 12 05 40 00     4.43   -3.82    2.69   -2.42    1.74   -1.40    2.95   -2.83    1.26   -1.44    1.69   -1.39
2024 05 12 05 42 00     4.46   -3.81    2.74   -2.42    1.72   -1.39    2.83   -2.67    1.21   -1.35    1.62   -1.32
2024 05 12 05 44 00     4.51   -3.70    2.72   -2.30    1.79   -1.41    3.11   -2.74    1.39   -1.38    1.72   -1.36
2024 05 12 05 46 00     4.75   -4.25    2.68   -2.48    2.08   -1.77    3.27   -3.02    1.64   -1.61    1.63   -1.41
2024 05 12 05 48 00     4.84   -4.39    2.84   -2.63    2.00   -1.76    3.12   -2.90    1.68   -1.57    1.44   -1.33
2024 05 12 05 50 00     4.69   -4.40    2.70   -2.51    1.99   -1.90    3.53   -3.20    1.84   -1.84    1.69   -1.36
2024 05 12 05 52 00     4.60   -4.25    2.57   -2.34    2.02   -1.90    3.24   -2.56    1.53   -1.28    1.71   -1.29
2024 05 12 05 54 00     4.40   -3.98    2.60   -2.31    1.80   -1.67    3.12   -2.81    1.37   -1.47    1.75   -1.34
2024 05 12 05 56 00     4.29   -3.97    2.58   -2.26    1.71   -1.71    3.11   -2.63    1.28   -1.29    1.83   -1.34
2024 05 12 05 58 00     4.34   -3.91    2.58   -2.14    1.76   -1.77    2.80   -2.78    1.20   -1.24    1.60   -1.54
2024 05 12 06 00 00     4.33   -3.71    2.55   -2.06    1.78   -1.65    2.94   -2.67    1.08   -1.10    1.86   -1.58
2024 05 12 06 02 00     4.21   -3.88    2.57   -2.25    1.65   -1.63    3.26   -2.64    1.17   -1.12    2.08   -1.51
2024 05 12 06 04 00     4.31   -3.86    2.52   -2.20    1.79   -1.67    3.07   -2.61    1.15   -1.14    1.91   -1.48
2024 05 12 06 06 00     4.25   -4.01    2.60   -2.43    1.65   -1.58    3.05   -2.63    1.11   -1.15    1.94   -1.48
2024 05 12 06 08 00     4.01   -3.86    2.48   -2.31    1.54   -1.54    3.04   -2.49    1.11   -0.96    1.94   -1.53
2024 05 12 06 10 00     4.24   -4.11    2.70   -2.39    1.55   -1.72    2.90   -2.47    1.14   -1.07    1.76   -1.40
2024 05 12 06 12 00     3.89   -3.79    2.47   -2.19    1.42   -1.60    2.68   -2.19    1.01   -0.84    1.67   -1.35
2024 05 12 06 14 00     3.52   -3.20    2.34   -1.98    1.18   -1.22    2.85   -2.36    1.14   -1.12    1.71   -1.23
2024 05 12 06 16 00     3.61   -3.26    2.34   -1.93    1.27   -1.33    2.98   -2.46    1.23   -1.22    1.76   -1.23
2024 05 12 06 18 00     3.89   -3.59    2.45   -2.25    1.44   -1.34    2.77   -2.47    1.00   -1.19    1.77   -1.28
2024 05 12 06 20 00     3.64   -3.39    2.23   -1.99    1.41   -1.41    2.80   -2.42    1.04   -1.11    1.76   -1.31
2024 05 12 06 22 00     3.56   -3.22    2.18   -1.84    1.38   -1.39    2.55   -2.10    1.03   -0.92    1.52   -1.18
2024 05 12 06 24 00     3.66   -3.22    2.28   -1.87    1.38   -1.35    2.63   -2.34    0.92   -0.82    1.71   -1.52
2024 05 12 06 26 00     3.52   -3.18    2.25   -1.76    1.28   -1.42    2.81   -2.69    0.91   -0.71    1.91   -1.98
2024 05 12 06 28 00     3.36   -3.08    2.19   -1.76    1.17   -1.31    2.80   -2.83    0.94   -0.74    1.86   -2.09
2024 05 12 06 30 00     3.61   -3.27    2.34   -1.92    1.27   -1.34    2.88   -2.87    0.90   -0.89    1.98   -1.98
2024 05 12 06 32 00     3.66   -3.32    2.35   -1.99    1.31   -1.33    2.90   -3.02    0.90   -1.11    2.00   -1.91
2024 05 12 06 34 00     3.23   -3.06    2.05   -1.81    1.18   -1.25    2.71   -2.72    0.99   -1.13    1.72   -1.60
2024 05 12 06 36 00     3.40   -3.39    2.16   -2.05    1.23   -1.35    2.63   -2.71    0.93   -1.06    1.70   -1.65
2024 05 12 06 38 00     3.00   -2.78    2.00   -1.73    1.00   -1.05    2.49   -2.64    0.89   -1.16    1.60   -1.48
2024 05 12 06 40 00     2.96   -2.74    2.21   -1.73    0.75   -1.01    2.56   -2.49    0.98   -0.99    1.59   -1.50
2024 05 12 06 42 00     2.93   -2.86    2.17   -1.75    0.76   -1.11    2.65   -2.18    1.04   -0.90    1.61   -1.28
2024 05 12 06 44 00     2.96   -2.88    2.07   -1.81    0.89   -1.07    2.19   -1.78    0.82   -0.68    1.37   -1.10
2024 05 12 06 46 00     2.95   -2.56    2.07   -1.63    0.88   -0.93    2.02   -1.52    0.67   -0.45    1.35   -1.07
2024 05 12 06 48 00     3.01   -2.57    2.01   -1.58    1.00   -0.99    2.02   -1.74    0.71   -0.60    1.32   -1.14
2024 05 12 06 50 00     3.05   -2.71    2.02   -1.72    1.03   -0.99    1.86   -1.69    0.61   -0.56    1.25   -1.12
2024 05 12 06 52 00     3.01   -2.60    2.12   -1.70    0.89   -0.90    2.02   -2.01    0.60   -0.62    1.42   -1.39
2024 05 12 06 54 00     2.76   -2.27    1.91   -1.46    0.84   -0.81    2.04   -2.13    0.54   -0.58    1.50   -1.55
2024 05 12 06 56 00     2.85   -2.42    1.95   -1.55    0.91   -0.87    2.49   -2.55    0.96   -1.07    1.53   -1.48
2024 05 12 06 58 00     3.13   -2.69    2.03   -1.67    1.10   -1.02    2.40   -2.46    0.92   -1.02    1.49   -1.44
2024 05 12 07 00 00     2.98   -2.60    1.78   -1.41    1.20   -1.18    2.67   -2.70    1.06   -1.11    1.61   -1.59
2024 05 12 07 02 00     2.90   -2.51    1.79   -1.40    1.11   -1.11    2.26   -2.22    0.90   -0.84    1.35   -1.38
2024 05 12 07 04 00     3.10   -2.60    1.99   -1.45    1.12   -1.15    2.18   -2.25    0.80   -0.87    1.38   -1.37
2024 05 12 07 06 00     3.27   -2.61    1.94   -1.47    1.33   -1.14    1.77   -1.69    0.52   -0.50    1.25   -1.19
2024 05 12 07 08 00     3.36   -2.55    1.98   -1.51    1.38   -1.04    2.10   -1.92    0.74   -0.69    1.36   -1.23
2024 05 12 07 10 00     3.05   -2.36    1.90   -1.51    1.14   -0.85    2.41   -2.30    0.84   -0.91    1.57   -1.39
2024 05 12 07 12 00     3.22   -2.41    1.98   -1.47    1.24   -0.93    2.84   -2.66    1.13   -1.12    1.70   -1.54
2024 05 12 07 14 00     3.26   -2.72    2.07   -1.76    1.18   -0.96    3.05   -2.86    1.22   -1.22    1.83   -1.65
2024 05 12 07 16 00     3.25   -3.20    2.06   -1.80    1.20   -1.40    3.18   -2.85    1.21   -1.05    1.98   -1.81
2024 05 12 07 18 00     3.42   -3.18    2.20   -1.94    1.22   -1.25    3.35   -2.95    1.18   -1.12    2.17   -1.83
2024 05 12 07 20 00     3.34   -3.34    2.18   -1.99    1.16   -1.34    3.24   -3.06    1.07   -1.19    2.17   -1.87
2024 05 12 07 22 00     3.43   -3.35    2.21   -1.97    1.22   -1.37    3.15   -3.12    1.00   -1.17    2.15   -1.95
2024 05 12 07 24 00     3.57   -3.32    2.22   -1.94    1.35   -1.38    2.72   -2.34    0.94   -0.83    1.78   -1.52
2024 05 12 07 26 00     3.40   -3.44    2.03   -1.96    1.37   -1.47    2.95   -2.80    1.02   -1.06    1.93   -1.73
2024 05 12 07 28 00     3.25   -3.16    1.97   -1.73    1.28   -1.43    2.68   -2.67    0.88   -1.05    1.80   -1.62
2024 05 12 07 30 00     3.16   -2.91    1.89   -1.56    1.26   -1.35    2.46   -2.41    0.77   -0.97    1.69   -1.44
2024 05 12 07 32 00     3.08   -2.96    1.84   -1.57    1.24   -1.38    2.51   -2.31    0.78   -0.98    1.73   -1.33
2024 05 12 07 34 00     2.97   -2.85    1.67   -1.46    1.30   -1.39    2.34   -2.25    0.75   -0.87    1.59   -1.39
2024 05 12 07 36 00     2.75   -2.54    1.73   -1.47    1.02   -1.07    2.47   -2.10    0.89   -0.86    1.58   -1.24
2024 05 12 07 38 00     2.79   -2.51    1.76   -1.42    1.03   -1.09    2.35   -2.06    0.87   -0.90    1.48   -1.16
2024 05 12 07 40 00     3.07   -2.66    1.94   -1.52    1.13   -1.14    2.43   -2.35    0.84   -0.96    1.60   -1.40
2024 05 12 07 42 00     3.27   -3.12    2.04   -1.87    1.23   -1.25    2.45   -2.23    0.72   -0.82    1.73   -1.42
2024 05 12 07 44 00     3.58   -3.10    2.08   -1.72    1.50   -1.37    2.70   -2.37    0.77   -0.91    1.93   -1.46
2024 05 12 07 46 00     3.38   -2.95    1.93   -1.63    1.44   -1.33    2.91   -2.76    0.69   -0.81    2.22   -1.95
2024 05 12 07 48 00     3.71   -3.18    2.31   -1.78    1.41   -1.40    2.83   -2.88    0.68   -0.89    2.15   -1.99
2024 05 12 07 50 00     3.16   -3.00    1.86   -1.59    1.30   -1.42    2.90   -2.72    0.74   -0.83    2.16   -1.89
2024 05 12 07 52 00     3.29   -2.94    2.08   -1.47    1.21   -1.47    2.99   -2.82    0.88   -0.89    2.11   -1.93
2024 05 12 07 54 00     3.24   -2.80    2.09   -1.45    1.15   -1.35    2.65   -2.71    0.77   -0.89    1.88   -1.82
2024 05 12 07 56 00     3.10   -3.06    1.96   -1.61    1.14   -1.45    2.03   -2.07    0.65   -0.83    1.38   -1.24
2024 05 12 07 58 00     3.35   -3.12    2.08   -1.69    1.26   -1.43    1.83   -1.91    0.51   -0.68    1.32   -1.23
2024 05 12 08 00 00     3.31   -2.95    2.02   -1.64    1.29   -1.31    1.93   -1.95    0.54   -0.54    1.39   -1.41
2024 05 12 08 02 00     3.07   -2.88    2.03   -1.74    1.04   -1.14    1.92   -1.72    0.52   -0.34    1.40   -1.38
2024 05 12 08 04 00     2.83   -2.72    1.93   -1.64    0.90   -1.09    1.78   -1.74    0.60   -0.46    1.18   -1.27
2024 05 12 08 06 00     2.55   -2.60    1.79   -1.64    0.76   -0.97    2.27   -2.26    0.70   -0.76    1.57   -1.50
2024 05 12 08 08 00     2.56   -2.56    1.69   -1.50    0.87   -1.07    1.90   -1.88    0.56   -0.69    1.34   -1.19
2024 05 12 08 10 00     2.78   -2.61    1.81   -1.52    0.97   -1.09    1.97   -1.99    0.67   -0.95    1.30   -1.05
2024 05 12 08 12 00     3.19   -3.00    1.84   -1.63    1.35   -1.37    1.91   -1.82    0.55   -0.54    1.36   -1.28
2024 05 12 08 14 00     3.17   -3.11    1.93   -1.71    1.24   -1.40    2.65   -2.58    0.72   -0.73    1.93   -1.85
2024 05 12 08 16 00     3.37   -3.39    1.98   -1.90    1.39   -1.49    2.60   -2.91    0.67   -0.90    1.92   -2.00
2024 05 12 08 18 00     3.18   -3.32    1.80   -1.65    1.38   -1.66    2.72   -3.08    0.72   -1.08    2.00   -2.00
2024 05 12 08 20 00     3.01   -3.17    1.74   -1.62    1.27   -1.56    2.79   -3.18    0.72   -1.03    2.08   -2.15
2024 05 12 08 22 00     3.35   -3.30    2.10   -1.78    1.25   -1.52    3.10   -3.20    0.93   -1.12    2.17   -2.08
2024 05 12 08 24 00     3.32   -3.23    2.18   -1.83    1.14   -1.41    3.02   -3.15    0.96   -1.20    2.07   -1.95
2024 05 12 08 26 00     3.27   -3.07    2.20   -1.79    1.07   -1.29    2.87   -2.85    0.89   -0.94    1.98   -1.91
2024 05 12 08 28 00     3.60   -3.30    2.43   -1.93    1.17   -1.36    2.92   -2.68    0.99   -0.85    1.93   -1.83
2024 05 12 08 30 00     3.78   -3.44    2.60   -2.17    1.18   -1.27    2.75   -2.64    0.84   -0.82    1.91   -1.81
2024 05 12 08 32 00     3.81   -3.54    2.80   -2.37    1.01   -1.17    2.32   -2.48    0.73   -0.96    1.59   -1.51
2024 05 12 08 34 00     3.62   -3.42    2.58   -2.30    1.04   -1.12    2.30   -2.23    0.72   -0.99    1.57   -1.24
2024 05 12 08 36 00     3.17   -3.11    2.24   -1.99    0.93   -1.11    2.27   -2.35    0.82   -1.05    1.45   -1.30
2024 05 12 08 38 00     3.25   -3.07    2.17   -1.91    1.07   -1.16    2.15   -2.41    0.73   -1.13    1.42   -1.28
2024 05 12 08 40 00     3.20   -3.00    2.01   -1.56    1.18   -1.44    1.95   -2.57    0.69   -1.21    1.26   -1.35
2024 05 12 08 42 00     3.15   -3.26    2.02   -1.89    1.13   -1.37    2.41   -2.68    0.78   -1.13    1.63   -1.55
2024 05 12 08 44 00     3.45   -3.52    2.13   -1.93    1.33   -1.59    2.74   -2.84    0.87   -1.12    1.87   -1.73
2024 05 12 08 46 00     3.21   -3.16    1.91   -1.73    1.30   -1.43    2.92   -3.02    0.98   -1.30    1.93   -1.72
2024 05 12 08 48 00     3.50   -3.49    2.00   -1.81    1.50   -1.68    3.08   -2.89    1.18   -1.37    1.91   -1.52
2024 05 12 08 50 00     3.51   -3.34    2.02   -1.82    1.50   -1.52    2.60   -2.49    0.81   -0.99    1.79   -1.50
2024 05 12 08 52 00     3.41   -3.26    2.06   -1.88    1.35   -1.38    2.62   -2.44    0.83   -0.99    1.79   -1.45
2024 05 12 08 54 00     3.49   -3.27    2.11   -1.77    1.38   -1.50    2.41   -1.99    0.63   -0.71    1.78   -1.28
2024 05 12 08 56 00     3.23   -3.10    1.96   -1.67    1.27   -1.43    2.39   -1.88    0.56   -0.47    1.83   -1.41
2024 05 12 08 58 00     2.98   -2.89    2.10   -1.74    0.89   -1.15    2.43   -2.02    0.47   -0.50    1.96   -1.52
2024 05 12 09 00 00     2.92   -2.81    2.08   -1.66    0.84   -1.15    2.14   -2.04    0.48   -0.64    1.66   -1.39
2024 05 12 09 02 00     2.60   -2.58    1.89   -1.46    0.71   -1.12    1.86   -1.90    0.40   -0.69    1.46   -1.21
2024 05 12 09 04 00     2.59   -2.74    1.97   -1.73    0.61   -1.00    1.61   -1.53    0.32   -0.50    1.29   -1.03
2024 05 12 09 06 00     2.79   -2.65    2.15   -1.71    0.64   -0.94    1.40   -1.23    0.42   -0.35    0.98   -0.88
2024 05 12 09 08 00     2.90   -2.56    2.21   -1.62    0.69   -0.94    1.65   -1.49    0.60   -0.53    1.04   -0.96
2024 05 12 09 10 00     3.34   -3.24    2.65   -2.21    0.69   -1.03    1.96   -1.59    0.63   -0.57    1.33   -1.02
2024 05 12 09 12 00     3.85   -3.69    2.76   -2.24    1.09   -1.45    2.34   -2.31    1.00   -0.99    1.34   -1.32
2024 05 12 09 14 00     3.92   -3.98    2.87   -2.46    1.05   -1.52    2.29   -2.29    1.05   -0.93    1.24   -1.37
2024 05 12 09 16 00     4.68   -4.67    3.30   -3.07    1.38   -1.61    3.00   -2.97    1.48   -1.39    1.52   -1.58
2024 05 12 09 18 00     4.94   -4.66    3.46   -3.02    1.47   -1.64    3.96   -3.59    1.96   -1.75    2.00   -1.84
2024 05 12 09 20 00     5.20   -5.11    3.67   -3.51    1.53   -1.60    3.96   -3.56    1.78   -1.68    2.18   -1.89
2024 05 12 09 22 00     5.10   -5.43    3.89   -3.88    1.21   -1.55    3.14   -3.01    1.38   -1.46    1.76   -1.54
2024 05 12 09 24 00     5.04   -5.44    3.91   -3.86    1.13   -1.59    2.73   -2.79    1.29   -1.41    1.44   -1.38
2024 05 12 09 26 00     5.27   -4.95    3.87   -3.58    1.40   -1.37    3.14   -3.25    1.09   -1.34    2.05   -1.91
2024 05 12 09 28 00     5.03   -4.66    3.57   -3.08    1.46   -1.58    3.00   -3.01    0.93   -1.06    2.07   -1.94
2024 05 12 09 30 00     5.14   -4.89    3.56   -3.11    1.58   -1.78    3.41   -3.31    0.93   -1.11    2.48   -2.20
2024 05 12 09 32 00     5.16   -4.99    3.51   -3.16    1.65   -1.83    3.44   -3.44    0.90   -1.08    2.55   -2.36
2024 05 12 09 34 00     5.11   -5.23    3.43   -3.40    1.69   -1.83    3.64   -3.58    0.89   -1.07    2.75   -2.51
2024 05 12 09 36 00     4.75   -4.68    3.21   -3.06    1.54   -1.62    3.30   -3.18    0.93   -0.98    2.37   -2.20
2024 05 12 09 38 00     4.74   -4.47    3.20   -2.75    1.55   -1.71    2.92   -2.79    0.82   -0.89    2.10   -1.90
2024 05 12 09 40 00     4.88   -4.50    3.27   -2.96    1.62   -1.54    2.93   -2.73    0.88   -0.84    2.05   -1.89
2024 05 12 09 42 00     5.07   -4.84    3.34   -3.32    1.74   -1.52    2.81   -2.72    0.76   -0.77    2.05   -1.95
2024 05 12 09 44 00     4.90   -4.47    3.34   -3.16    1.55   -1.31    2.72   -2.86    0.80   -0.86    1.91   -2.01
2024 05 12 09 46 00     4.74   -4.40    3.13   -3.08    1.62   -1.32    2.69   -2.60    0.80   -0.81    1.90   -1.80
2024 05 12 09 48 00     4.43   -4.12    2.92   -2.90    1.51   -1.22    2.56   -2.42    0.63   -0.64    1.93   -1.78
2024 05 12 09 50 00     4.27   -4.10    2.87   -2.89    1.41   -1.22    2.27   -2.30    0.48   -0.50    1.79   -1.80
2024 05 12 09 52 00     4.08   -4.07    2.80   -2.72    1.28   -1.35    2.42   -2.32    0.61   -0.50    1.80   -1.81
2024 05 12 09 54 00     3.99   -3.90    2.84   -2.58    1.16   -1.32    2.23   -2.22    0.73   -0.67    1.49   -1.55
2024 05 12 09 56 00     3.96   -4.00    2.78   -2.56    1.17   -1.44    1.98   -2.10    0.60   -0.75    1.38   -1.36
2024 05 12 09 58 00     4.11   -4.09    2.74   -2.54    1.37   -1.55    1.89   -2.05    0.60   -0.77    1.30   -1.27
2024 05 12 10 00 00     4.31   -4.14    2.74   -2.53    1.57   -1.61    1.86   -2.10    0.49   -0.80    1.37   -1.30
2024 05 12 10 02 00     4.32   -4.29    2.99   -2.67    1.33   -1.62    1.74   -1.87    0.55   -0.82    1.19   -1.06
2024 05 12 10 04 00     4.40   -4.26    3.07   -2.85    1.34   -1.41    1.34   -1.55    0.58   -0.93    0.77   -0.62
2024 05 12 10 06 00     4.22   -4.09    3.19   -2.91    1.03   -1.18    1.21   -1.37    0.52   -0.76    0.69   -0.61
2024 05 12 10 08 00     4.17   -3.95    3.24   -2.84    0.93   -1.11    1.41   -1.47    0.67   -0.87    0.74   -0.61
2024 05 12 10 10 00     4.09   -4.12    3.16   -3.05    0.93   -1.07    1.43   -1.46    0.68   -0.86    0.74   -0.60
2024 05 12 10 12 00     3.81   -3.70    2.85   -2.64    0.95   -1.06    1.26   -1.55    0.66   -1.03    0.60   -0.53
2024 05 12 10 14 00     3.94   -3.67    3.04   -2.69    0.90   -0.99    1.26   -1.31    0.57   -0.81    0.69   -0.50
2024 05 12 10 16 00     3.79   -3.75    2.83   -2.75    0.96   -1.00    1.13   -1.28    0.42   -0.68    0.71   -0.61
2024 05 12 10 18 00     3.78   -3.76    2.94   -3.06    0.85   -0.70    0.92   -1.15    0.38   -0.77    0.55   -0.38
2024 05 12 10 20 00     3.88   -3.73    3.07   -2.93    0.82   -0.80    1.29   -1.22    0.57   -0.84    0.72   -0.38
2024 05 12 10 22 00     3.80   -3.54    3.11   -2.91    0.68   -0.62    1.29   -1.16    0.62   -0.80    0.67   -0.36
2024 05 12 10 24 00     4.01   -3.83    3.29   -3.18    0.72   -0.65    1.32   -1.08    0.63   -0.75    0.70   -0.33
2024 05 12 10 26 00     4.02   -3.59    3.28   -3.02    0.73   -0.57    1.26   -1.32    0.61   -0.85    0.65   -0.47
2024 05 12 10 28 00     4.11   -3.71    3.46   -3.14    0.65   -0.57    1.28   -1.15    0.63   -0.66    0.65   -0.49
2024 05 12 10 30 00     3.89   -3.72    3.20   -3.08    0.69   -0.64    1.05   -1.09    0.63   -0.74    0.41   -0.36
2024 05 12 10 32 00     3.72   -3.57    2.98   -2.94    0.74   -0.63    1.07   -1.18    0.59   -0.77    0.48   -0.41
2024 05 12 10 34 00     3.72   -3.48    3.02   -2.82    0.70   -0.66    1.06   -1.03    0.50   -0.61    0.56   -0.42
2024 05 12 10 36 00     3.44   -3.05    2.91   -2.62    0.52   -0.43    0.65   -0.88    0.35   -0.57    0.30   -0.31
2024 05 12 10 38 00     3.02   -2.74    2.64   -2.36    0.38   -0.38    0.59   -0.86    0.19   -0.57    0.39   -0.28
2024 05 12 10 40 00     2.87   -2.70    2.43   -2.28    0.44   -0.42    0.71   -0.87    0.25   -0.53    0.46   -0.34
2024 05 12 10 42 00     2.47   -2.25    2.17   -2.05    0.30   -0.20    0.74   -0.80    0.36   -0.53    0.38   -0.27
2024 05 12 10 44 00     2.56   -2.38    2.21   -2.13    0.35   -0.25    0.89   -0.97    0.37   -0.51    0.52   -0.46
2024 05 12 10 46 00     2.53   -2.37    2.20   -2.00    0.33   -0.37    1.12   -1.10    0.45   -0.54    0.66   -0.56
2024 05 12 10 48 00     2.45   -2.38    2.13   -1.88    0.32   -0.50    1.03   -0.94    0.42   -0.37    0.61   -0.57
2024 05 12 10 50 00     2.64   -2.66    2.22   -2.08    0.42   -0.58    0.91   -0.95    0.58   -0.57    0.33   -0.38
2024 05 12 10 52 00     2.66   -2.48    2.19   -1.87    0.47   -0.61    0.99   -1.02    0.47   -0.56    0.52   -0.45
2024 05 12 10 54 00     2.57   -2.38    2.21   -1.80    0.36   -0.58    0.93   -1.17    0.44   -0.61    0.49   -0.56
2024 05 12 10 56 00     2.38   -2.25    2.08   -1.81    0.30   -0.45    0.68   -0.90    0.34   -0.48    0.34   -0.42
2024 05 12 10 58 00     2.21   -2.00    1.93   -1.66    0.28   -0.33    0.72   -0.90    0.28   -0.55    0.44   -0.35
2024 05 12 11 00 00     2.29   -2.05    1.98   -1.75    0.31   -0.29    0.81   -0.94    0.36   -0.57    0.45   -0.37
2024 05 12 11 02 00     2.18   -1.97    1.97   -1.72    0.21   -0.25    0.65   -0.74    0.32   -0.41    0.33   -0.33
2024 05 12 11 04 00     2.10   -1.89    1.90   -1.70    0.20   -0.19    0.47   -0.47    0.20   -0.24    0.28   -0.23
2024 05 12 11 06 00     2.43   -1.92    2.12   -1.63    0.31   -0.29    0.26   -0.34    0.12   -0.15    0.14   -0.19
2024 05 12 11 08 00     2.18   -1.76    1.84   -1.36    0.33   -0.40    0.35   -0.30    0.21   -0.25    0.14   -0.05
2024 05 12 11 10 00     2.23   -1.89    1.98   -1.50    0.25   -0.39    0.31   -0.30    0.19   -0.25    0.12   -0.05
2024 05 12 11 12 00     2.36   -1.92    2.11   -1.58    0.26   -0.34    0.26   -0.29    0.16   -0.24    0.09   -0.05
2024 05 12 11 14 00     2.39   -2.07    2.09   -1.69    0.29   -0.37    0.32   -0.39    0.16   -0.23    0.16   -0.15
2024 05 12 11 16 00     2.16   -2.00    1.86   -1.49    0.31   -0.51    0.28   -0.48    0.16   -0.28    0.12   -0.20
2024 05 12 11 18 00     2.48   -2.10    2.13   -1.74    0.35   -0.36    0.38   -0.54    0.13   -0.27    0.24   -0.27
2024 05 12 11 20 00     2.33   -2.09    1.93   -1.63    0.39   -0.46    0.41   -0.61    0.21   -0.31    0.19   -0.30
2024 05 12 11 22 00     2.26   -2.01    1.98   -1.64    0.28   -0.37    0.40   -0.50    0.24   -0.26    0.16   -0.24
2024 05 12 11 24 00     2.31   -2.01    2.01   -1.70    0.29   -0.31    0.57   -0.67    0.32   -0.35    0.24   -0.32
2024 05 12 11 26 00     2.77   -2.46    2.41   -2.06    0.36   -0.40    0.41   -0.61    0.38   -0.42    0.03   -0.19
2024 05 12 11 28 00     2.94   -3.02    2.45   -2.50    0.49   -0.52    0.45   -0.63    0.36   -0.42    0.10   -0.21
2024 05 12 11 30 00     2.65   -2.87    2.26   -2.27    0.39   -0.60    0.42   -0.54    0.30   -0.39    0.12   -0.15
2024 05 12 11 32 00     2.60   -2.76    2.27   -2.15    0.34   -0.61    0.46   -0.64    0.36   -0.54    0.10   -0.10
2024 05 12 11 34 00     2.88   -2.91    2.40   -2.26    0.48   -0.66    0.39   -0.55    0.31   -0.50    0.08   -0.05
2024 05 12 11 36 00     2.44   -2.34    1.98   -1.68    0.47   -0.66    0.48   -0.59    0.40   -0.51    0.08   -0.08
2024 05 12 11 38 00     2.53   -2.26    2.08   -1.82    0.45   -0.44    0.35   -0.56    0.23   -0.40    0.12   -0.16
2024 05 12 11 40 00     2.82   -2.23    2.34   -1.82    0.48   -0.41    0.39   -0.59    0.34   -0.46    0.05   -0.13
2024 05 12 11 42 00     3.10   -2.59    2.60   -2.15    0.50   -0.44    0.43   -0.57    0.31   -0.43    0.12   -0.15
2024 05 12 11 44 00     2.29   -1.92    1.88   -1.48    0.41   -0.44    0.49   -0.64    0.35   -0.50    0.14   -0.13
2024 05 12 11 46 00     2.34   -2.15    1.91   -1.61    0.43   -0.54    0.62   -0.63    0.33   -0.38    0.29   -0.26
2024 05 12 11 48 00     2.38   -2.07    1.91   -1.60    0.47   -0.47    0.56   -0.77    0.31   -0.47    0.25   -0.30
2024 05 12 11 50 00     2.33   -2.03    1.84   -1.53    0.49   -0.51    0.53   -0.74    0.28   -0.43    0.25   -0.31
2024 05 12 11 52 00     2.22   -2.08    1.80   -1.55    0.42   -0.53    0.52   -0.68    0.27   -0.48    0.24   -0.20
2024 05 12 11 54 00     2.47   -2.15    2.04   -1.68    0.43   -0.48    0.37   -0.43    0.12   -0.28    0.25   -0.15
2024 05 12 11 56 00     2.55   -2.16    2.03   -1.61    0.53   -0.55    0.33   -0.33    0.16   -0.20    0.17   -0.13
2024 05 12 11 58 00     2.16   -2.06    1.74   -1.56    0.43   -0.50    0.37   -0.41    0.23   -0.29    0.14   -0.12
2024 05 12 12 00 00     2.17   -1.98    1.81   -1.61    0.36   -0.37    0.40   -0.47    0.22   -0.27    0.17   -0.20
2024 05 12 12 02 00     1.92   -1.82    1.64   -1.52    0.28   -0.30    0.35   -0.41    0.22   -0.17    0.13   -0.24
2024 05 12 12 04 00     1.98   -1.92    1.61   -1.61    0.36   -0.32    0.36   -0.33    0.26   -0.22    0.10   -0.11
2024 05 12 12 06 00     1.99   -1.59    1.63   -1.29    0.36   -0.30    0.40   -0.37    0.24   -0.19    0.16   -0.18
2024 05 12 12 08 00     1.74   -1.64    1.52   -1.32    0.22   -0.32    0.44   -0.44    0.27   -0.29    0.16   -0.14
2024 05 12 12 10 00     1.63   -1.46    1.43   -1.19    0.19   -0.27    0.32   -0.64    0.20   -0.39    0.12   -0.25
2024 05 12 12 12 00     1.60   -1.34    1.44   -1.17    0.15   -0.18    0.43   -0.61    0.21   -0.38    0.22   -0.23
2024 05 12 12 14 00     1.62   -1.46    1.44   -1.20    0.19   -0.26    0.41   -0.58    0.18   -0.33    0.23   -0.26
2024 05 12 12 16 00     1.75   -1.62    1.50   -1.25    0.25   -0.37    0.42   -0.38    0.23   -0.25    0.19   -0.13
2024 05 12 12 18 00     1.72   -1.70    1.47   -1.30    0.25   -0.40    0.42   -0.36    0.24   -0.21    0.19   -0.15
2024 05 12 12 20 00     1.82   -1.72    1.45   -1.31    0.37   -0.42    0.32   -0.43    0.18   -0.28    0.13   -0.15
2024 05 12 12 22 00     1.80   -1.68    1.41   -1.22    0.39   -0.46    0.49   -0.67    0.22   -0.34    0.27   -0.33
2024 05 12 12 24 00     1.79   -1.51    1.40   -1.10    0.39   -0.41    0.54   -0.59    0.19   -0.32    0.35   -0.27
2024 05 12 12 26 00     1.90   -1.72    1.54   -1.25    0.36   -0.47    0.54   -0.58    0.20   -0.28    0.34   -0.30
2024 05 12 12 28 00     1.55   -1.42    1.30   -1.14    0.25   -0.29    0.47   -0.50    0.17   -0.26    0.29   -0.24
2024 05 12 12 30 00     1.62   -1.43    1.22   -0.99    0.40   -0.44    0.45   -0.50    0.16   -0.22    0.29   -0.28
2024 05 12 12 32 00     1.43   -1.13    1.04   -0.78    0.40   -0.35    0.55   -0.54    0.27   -0.25    0.28   -0.29
2024 05 12 12 34 00     1.39   -1.17    1.03   -0.80    0.36   -0.37    0.55   -0.51    0.22   -0.24    0.33   -0.27
2024 05 12 12 36 00     1.23   -1.22    0.94   -0.82    0.29   -0.40    0.77   -0.69    0.30   -0.29    0.47   -0.40
2024 05 12 12 38 00     1.40   -1.34    1.04   -0.94    0.36   -0.40    0.75   -0.69    0.30   -0.29    0.45   -0.40
2024 05 12 12 40 00     1.57   -1.36    1.14   -1.02    0.43   -0.34    0.53   -0.42    0.33   -0.28    0.21   -0.15
2024 05 12 12 42 00     1.59   -1.42    1.28   -1.13    0.31   -0.29    0.46   -0.37    0.35   -0.29    0.12   -0.08
2024 05 12 12 44 00     1.70   -1.44    1.31   -1.14    0.39   -0.30    0.45   -0.39    0.27   -0.21    0.18   -0.17
2024 05 12 12 46 00     1.77   -1.57    1.40   -1.17    0.38   -0.40    0.39   -0.45    0.24   -0.26    0.15   -0.19
2024 05 12 12 48 00     1.78   -1.51    1.39   -1.12    0.39   -0.39    0.52   -0.41    0.33   -0.27    0.19   -0.13
2024 05 12 12 50 00     1.76   -1.54    1.24   -1.04    0.52   -0.50    0.43   -0.34    0.29   -0.28    0.14   -0.06
2024 05 12 12 52 00     1.82   -1.62    1.26   -1.13    0.56   -0.50    0.35   -0.40    0.29   -0.35    0.05   -0.05
2024 05 12 12 54 00     1.89   -1.63    1.35   -1.19    0.55   -0.45    0.26   -0.27    0.21   -0.23    0.05   -0.04
2024 05 12 12 56 00     1.93   -1.66    1.32   -1.20    0.61   -0.46    0.24   -0.29    0.22   -0.25    0.02   -0.04
2024 05 12 12 58 00     1.97   -1.69    1.33   -1.22    0.64   -0.47    0.21   -0.27    0.18   -0.23    0.04   -0.04
2024 05 12 13 00 00     1.86   -1.67    1.20   -1.04    0.66   -0.63    0.18   -0.26    0.16   -0.24    0.02   -0.02
2024 05 12 13 02 00     1.90   -1.64    1.20   -1.04    0.70   -0.59    0.23   -0.35    0.17   -0.26    0.07   -0.10
2024 05 12 13 04 00     1.80   -1.57    1.15   -1.02    0.65   -0.55    0.17   -0.35    0.13   -0.27    0.03   -0.08
2024 05 12 13 06 00     1.86   -1.65    1.17   -0.99    0.69   -0.65    0.32   -0.35    0.22   -0.21    0.10   -0.14
2024 05 12 13 08 00     1.72   -1.60    1.22   -1.01    0.50   -0.60    0.31   -0.22    0.19   -0.15    0.12   -0.07
2024 05 12 13 10 00     1.72   -1.67    1.14   -1.00    0.58   -0.67    0.29   -0.21    0.25   -0.14    0.04   -0.08
2024 05 12 13 12 00     1.83   -1.90    1.36   -1.24    0.47   -0.65    0.25   -0.18    0.24   -0.18    0.01   -0.01
2024 05 12 13 14 00     1.90   -1.92    1.38   -1.25    0.53   -0.67    0.35   -0.19    0.30   -0.19    0.06    0.00
2024 05 12 13 16 00     1.95   -1.94    1.44   -1.36    0.51   -0.58    0.21   -0.12    0.15   -0.12    0.05   -0.00
2024 05 12 13 18 00     1.98   -1.89    1.44   -1.21    0.54   -0.68    0.26   -0.21    0.21   -0.14    0.05   -0.07
2024 05 12 13 20 00     1.99   -1.65    1.43   -1.15    0.56   -0.50    0.25   -0.22    0.21   -0.17    0.04   -0.05
2024 05 12 13 22 00     1.99   -1.69    1.37   -1.10    0.62   -0.59    0.29   -0.27    0.23   -0.24    0.06   -0.03
2024 05 12 13 24 00     1.93   -1.65    1.29   -1.15    0.64   -0.51    0.43   -0.47    0.27   -0.38    0.16   -0.09
2024 05 12 13 26 00     1.97   -1.79    1.42   -1.28    0.55   -0.52    0.36   -0.45    0.27   -0.35    0.09   -0.09
2024 05 12 13 28 00     1.95   -1.81    1.39   -1.35    0.56   -0.46    0.45   -0.51    0.43   -0.42    0.02   -0.09
2024 05 12 13 30 00     1.91   -1.77    1.39   -1.29    0.52   -0.48    0.52   -0.49    0.41   -0.39    0.11   -0.10
2024 05 12 13 32 00     1.74   -1.40    1.34   -1.02    0.40   -0.38    0.47   -0.35    0.37   -0.24    0.10   -0.10
2024 05 12 13 34 00     2.08   -1.75    1.56   -1.25    0.52   -0.50    0.41   -0.25    0.32   -0.19    0.09   -0.06
2024 05 12 13 36 00     2.32   -2.03    1.75   -1.46    0.57   -0.56    0.26   -0.31    0.21   -0.26    0.05   -0.05
2024 05 12 13 38 00     2.34   -2.08    1.73   -1.56    0.60   -0.52    0.26   -0.29    0.23   -0.25    0.04   -0.04
2024 05 12 13 40 00     2.30   -2.01    1.79   -1.52    0.51   -0.49    0.39   -0.38    0.35   -0.33    0.05   -0.04
2024 05 12 13 42 00     2.30   -2.07    1.91   -1.60    0.39   -0.46    0.38   -0.40    0.36   -0.36    0.02   -0.04
2024 05 12 13 44 00     2.04   -1.89    1.60   -1.42    0.44   -0.46    0.26   -0.32    0.26   -0.31    0.00   -0.01
2024 05 12 13 46 00     1.98   -1.90    1.62   -1.37    0.36   -0.53    0.34   -0.50    0.33   -0.38    0.02   -0.12
2024 05 12 13 48 00     1.88   -1.62    1.54   -1.15    0.34   -0.48    0.38   -0.43    0.37   -0.38    0.02   -0.05
2024 05 12 13 50 00     1.89   -1.49    1.53   -1.07    0.35   -0.42    0.36   -0.43    0.32   -0.36    0.05   -0.07
2024 05 12 13 52 00     1.73   -1.26    1.33   -0.85    0.40   -0.41    0.39   -0.31    0.38   -0.28    0.01   -0.04
2024 05 12 13 54 00     1.63   -1.22    1.27   -0.80    0.36   -0.42    0.34   -0.22    0.34   -0.18    0.00   -0.04
2024 05 12 13 56 00     1.73   -1.34    1.27   -0.89    0.46   -0.44    0.28   -0.22    0.25   -0.20    0.03   -0.02
2024 05 12 13 58 00     1.72   -1.23    1.23   -0.82    0.49   -0.41    0.24   -0.19    0.21   -0.18    0.03   -0.01
2024 05 12 14 00 00     1.84   -1.50    1.31   -1.00    0.53   -0.50    0.30   -0.25    0.27   -0.25    0.03    0.00
2024 05 12 14 02 00     1.72   -1.43    1.31   -0.92    0.41   -0.50    0.29   -0.24    0.25   -0.22    0.04   -0.03
2024 05 12 14 04 00     1.80   -1.56    1.39   -1.05    0.40   -0.51    0.20   -0.19    0.18   -0.19    0.02    0.00
2024 05 12 14 06 00     1.63   -1.48    1.40   -1.07    0.24   -0.41    0.22   -0.29    0.19   -0.29    0.03    0.00
2024 05 12 14 08 00     1.68   -1.39    1.41   -1.02    0.27   -0.37    0.28   -0.25    0.20   -0.24    0.08   -0.01
2024 05 12 14 10 00     1.82   -1.58    1.47   -1.12    0.35   -0.45    0.34   -0.22    0.26   -0.19    0.08   -0.03
2024 05 12 14 12 00     1.74   -1.55    1.47   -1.05    0.27   -0.50    0.27   -0.27    0.22   -0.23    0.05   -0.03
2024 05 12 14 14 00     1.65   -1.49    1.37   -1.06    0.27   -0.44    0.37   -0.20    0.20   -0.16    0.17   -0.04
2024 05 12 14 16 00     1.60   -1.66    1.31   -1.20    0.29   -0.46    0.25   -0.23    0.25   -0.20    0.00   -0.04
2024 05 12 14 18 00     1.64   -1.40    1.27   -0.98    0.37   -0.42    0.24   -0.30    0.24   -0.23    0.00   -0.07
2024 05 12 14 20 00     1.56   -1.44    1.15   -0.92    0.40   -0.53    0.22   -0.30    0.21   -0.24    0.01   -0.06
2024 05 12 14 22 00     1.29   -1.21    0.99   -0.82    0.30   -0.39    0.19   -0.34    0.16   -0.19    0.03   -0.15
2024 05 12 14 24 00     0.98   -0.91    0.74   -0.57    0.24   -0.34    0.23   -0.33    0.21   -0.28    0.02   -0.06
2024 05 12 14 26 00     1.00   -0.75    0.73   -0.40    0.27   -0.35    0.37   -0.38    0.27   -0.29    0.10   -0.09
2024 05 12 14 28 00     1.22   -0.97    0.95   -0.62    0.28   -0.35    0.38   -0.56    0.35   -0.41    0.03   -0.15
2024 05 12 14 30 00     1.17   -0.99    0.81   -0.50    0.36   -0.49    0.39   -0.57    0.34   -0.45    0.04   -0.13
2024 05 12 14 32 00     1.48   -1.24    1.08   -0.78    0.40   -0.45    0.36   -0.46    0.36   -0.42    0.00   -0.04
2024 05 12 14 34 00     1.42   -1.15    1.09   -0.71    0.33   -0.44    0.35   -0.50    0.34   -0.43    0.00   -0.06
2024 05 12 14 36 00     1.39   -1.29    1.04   -0.73    0.35   -0.56    0.31   -0.42    0.31   -0.37    0.00   -0.05
2024 05 12 14 38 00     1.49   -1.13    1.04   -0.67    0.45   -0.46    0.45   -0.61    0.45   -0.53    0.00   -0.08
2024 05 12 14 40 00     1.37   -1.19    1.07   -0.76    0.30   -0.43    0.47   -0.55    0.45   -0.52    0.02   -0.02
2024 05 12 14 42 00     1.58   -1.51    1.30   -1.05    0.28   -0.46    0.44   -0.59    0.41   -0.47    0.04   -0.12
2024 05 12 14 44 00     1.85   -1.78    1.38   -1.11    0.47   -0.66    0.53   -0.59    0.49   -0.53    0.04   -0.05
2024 05 12 14 46 00     1.95   -1.97    1.42   -1.22    0.53   -0.75    0.71   -0.85    0.63   -0.69    0.08   -0.16
2024 05 12 14 48 00     2.17   -2.42    1.59   -1.44    0.58   -0.98    0.57   -0.67    0.49   -0.54    0.08   -0.14
2024 05 12 14 50 00     2.33   -2.44    1.60   -1.40    0.72   -1.04    0.68   -0.64    0.48   -0.51    0.21   -0.14
2024 05 12 14 52 00     2.31   -2.52    1.65   -1.39    0.67   -1.13    0.64   -0.73    0.39   -0.50    0.25   -0.23
2024 05 12 14 54 00     2.28   -2.45    1.66   -1.38    0.61   -1.08    0.75   -0.73    0.44   -0.45    0.30   -0.28
2024 05 12 14 56 00     2.41   -2.69    1.77   -1.57    0.64   -1.12    0.87   -0.69    0.42   -0.38    0.45   -0.31
2024 05 12 14 58 00     2.57   -2.77    1.78   -1.53    0.80   -1.25    1.09   -0.90    0.48   -0.39    0.61   -0.50
2024 05 12 15 00 00     2.66   -2.71    1.82   -1.53    0.84   -1.18    1.46   -1.20    0.60   -0.51    0.86   -0.69
2024 05 12 15 02 00     2.84   -2.82    1.95   -1.68    0.88   -1.14    1.43   -1.18    0.51   -0.39    0.92   -0.79
2024 05 12 15 04 00     2.71   -2.72    1.87   -1.60    0.83   -1.12    1.39   -1.16    0.51   -0.32    0.88   -0.84
2024 05 12 15 06 00     2.64   -2.41    1.88   -1.45    0.76   -0.96    1.63   -1.41    0.53   -0.50    1.10   -0.91
2024 05 12 15 08 00     2.77   -2.56    1.98   -1.48    0.79   -1.08    1.35   -1.30    0.47   -0.53    0.88   -0.77
2024 05 12 15 10 00     2.92   -2.89    2.06   -1.78    0.86   -1.11    1.37   -1.40    0.41   -0.52    0.96   -0.88
2024 05 12 15 12 00     2.95   -2.89    2.13   -1.90    0.81   -1.00    1.61   -1.49    0.47   -0.58    1.14   -0.91
2024 05 12 15 14 00     2.75   -2.80    1.95   -1.70    0.81   -1.10    1.58   -1.34    0.48   -0.44    1.10   -0.90
2024 05 12 15 16 00     2.86   -2.73    2.06   -1.71    0.81   -1.01    1.66   -1.49    0.54   -0.51    1.12   -0.97
2024 05 12 15 18 00     2.72   -2.64    1.91   -1.73    0.81   -0.92    1.61   -1.39    0.60   -0.50    1.02   -0.89
2024 05 12 15 20 00     2.85   -3.01    2.05   -1.89    0.80   -1.13    1.47   -1.28    0.62   -0.51    0.85   -0.77
2024 05 12 15 22 00     2.75   -2.81    1.92   -1.67    0.83   -1.14    1.47   -1.31    0.66   -0.46    0.81   -0.85
2024 05 12 15 24 00     3.36   -3.32    2.29   -2.03    1.07   -1.29    1.25   -1.11    0.62   -0.46    0.63   -0.65
2024 05 12 15 26 00     2.98   -2.92    2.04   -1.65    0.94   -1.28    1.40   -1.35    0.64   -0.56    0.76   -0.79
2024 05 12 15 28 00     3.04   -2.88    2.14   -1.66    0.91   -1.21    1.50   -1.25    0.73   -0.48    0.77   -0.77
2024 05 12 15 30 00     3.16   -2.84    2.23   -1.72    0.93   -1.12    1.59   -1.32    0.73   -0.53    0.86   -0.79
2024 05 12 15 32 00     3.07   -2.89    2.10   -1.71    0.97   -1.18    1.46   -1.38    0.66   -0.57    0.80   -0.81
2024 05 12 15 34 00     3.26   -3.13    2.21   -1.77    1.05   -1.36    1.94   -1.75    0.95   -0.81    0.99   -0.94
2024 05 12 15 36 00     3.15   -3.10    2.17   -1.79    0.98   -1.31    1.96   -1.79    0.90   -0.82    1.06   -0.96
2024 05 12 15 38 00     3.63   -3.66    2.42   -2.20    1.22   -1.46    1.81   -1.59    1.02   -0.86    0.79   -0.73
2024 05 12 15 40 00     3.59   -3.63    2.45   -2.18    1.14   -1.45    1.67   -1.56    0.96   -0.93    0.71   -0.63
2024 05 12 15 42 00     3.71   -3.65    2.57   -2.25    1.14   -1.39    1.99   -1.71    1.17   -1.06    0.82   -0.64
2024 05 12 15 44 00     3.64   -3.65    2.49   -2.16    1.15   -1.49    1.67   -1.62    0.94   -0.87    0.73   -0.75
2024 05 12 15 46 00     3.91   -3.95    2.65   -2.37    1.26   -1.59    1.69   -1.59    0.90   -0.81    0.78   -0.78
2024 05 12 15 48 00     3.91   -3.79    2.67   -2.14    1.24   -1.65    1.89   -1.81    0.93   -0.82    0.96   -0.99
2024 05 12 15 50 00     3.94   -3.84    2.62   -2.22    1.33   -1.63    1.77   -1.70    0.77   -0.67    1.00   -1.03
2024 05 12 15 52 00     3.98   -3.91    2.65   -2.30    1.33   -1.60    2.02   -1.82    0.78   -0.62    1.23   -1.20
2024 05 12 15 54 00     4.14   -3.83    2.80   -2.25    1.34   -1.58    1.84   -1.68    0.72   -0.67    1.12   -1.01
2024 05 12 15 56 00     4.22   -3.89    2.66   -2.19    1.55   -1.69    1.63   -1.30    0.77   -0.62    0.85   -0.68
2024 05 12 15 58 00     4.00   -3.83    2.63   -2.15    1.37   -1.68    1.63   -1.31    0.75   -0.58    0.89   -0.74
2024 05 12 16 00 00     3.88   -3.67    2.55   -2.03    1.32   -1.64    1.56   -1.22    0.76   -0.55    0.80   -0.67
2024 05 12 16 02 00     3.48   -3.49    2.38   -1.94    1.10   -1.55    1.59   -1.21    0.76   -0.47    0.83   -0.74
2024 05 12 16 04 00     3.26   -3.26    2.16   -1.80    1.10   -1.46    1.46   -1.27    0.74   -0.40    0.73   -0.87
2024 05 12 16 06 00     3.54   -3.65    2.32   -1.88    1.23   -1.77    1.56   -1.36    0.78   -0.47    0.78   -0.89
2024 05 12 16 08 00     3.67   -3.82    2.41   -2.05    1.26   -1.76    1.47   -1.33    0.83   -0.48    0.64   -0.85
2024 05 12 16 10 00     3.38   -3.68    2.26   -2.07    1.12   -1.61    1.39   -1.19    0.91   -0.53    0.48   -0.66
2024 05 12 16 12 00     3.53   -3.57    2.40   -2.08    1.12   -1.49    1.50   -1.54    0.84   -0.61    0.66   -0.93
2024 05 12 16 14 00     3.24   -3.34    2.17   -1.90    1.07   -1.44    1.51   -1.38    0.89   -0.66    0.62   -0.72
2024 05 12 16 16 00     2.94   -3.20    2.24   -1.91    0.70   -1.30    1.37   -1.20    0.90   -0.64    0.47   -0.57
2024 05 12 16 18 00     2.84   -2.92    2.24   -1.85    0.60   -1.07    1.24   -1.31    0.83   -0.61    0.42   -0.71
2024 05 12 16 20 00     3.14   -3.17    2.22   -1.85    0.92   -1.32    1.16   -1.35    0.71   -0.63    0.45   -0.72
2024 05 12 16 22 00     3.07   -3.33    2.38   -2.11    0.70   -1.22    1.20   -1.44    0.75   -0.68    0.45   -0.75
2024 05 12 16 24 00     2.79   -3.03    2.03   -1.85    0.75   -1.19    1.04   -1.34    0.65   -0.67    0.39   -0.66
2024 05 12 16 26 00     3.16   -3.15    2.23   -1.87    0.93   -1.28    0.95   -0.92    0.56   -0.42    0.38   -0.49
2024 05 12 16 28 00     3.28   -3.31    2.42   -2.00    0.86   -1.32    1.13   -0.78    0.75   -0.37    0.39   -0.41
2024 05 12 16 30 00     3.30   -3.35    2.34   -1.98    0.96   -1.38    1.09   -0.90    0.66   -0.43    0.43   -0.48
2024 05 12 16 32 00     3.34   -3.53    2.40   -2.13    0.94   -1.40    0.92   -0.74    0.55   -0.32    0.37   -0.42
2024 05 12 16 34 00     3.20   -3.52    2.33   -2.22    0.87   -1.31    0.82   -0.69    0.61   -0.28    0.21   -0.42
2024 05 12 16 36 00     3.06   -3.27    2.21   -1.97    0.85   -1.29    0.77   -0.77    0.56   -0.24    0.21   -0.52
2024 05 12 16 38 00     2.97   -3.14    2.18   -1.92    0.79   -1.22    0.71   -0.83    0.47   -0.25    0.24   -0.58
2024 05 12 16 40 00     2.88   -3.19    2.01   -1.86    0.87   -1.32    0.63   -0.69    0.38   -0.26    0.25   -0.44
2024 05 12 16 42 00     3.07   -3.18    2.06   -1.82    1.01   -1.35    0.62   -0.76    0.31   -0.25    0.32   -0.50
2024 05 12 16 44 00     3.14   -3.11    2.28   -1.82    0.86   -1.29    0.67   -0.79    0.35   -0.35    0.32   -0.45
2024 05 12 16 46 00     2.60   -2.45    1.98   -1.39    0.62   -1.06    0.73   -0.75    0.31   -0.27    0.42   -0.48
2024 05 12 16 48 00     2.77   -2.80    1.97   -1.51    0.80   -1.28    0.69   -0.73    0.30   -0.31    0.38   -0.42
2024 05 12 16 50 00     2.70   -2.68    2.02   -1.47    0.68   -1.21    0.90   -0.89    0.31   -0.35    0.59   -0.55
2024 05 12 16 52 00     2.54   -2.71    1.76   -1.46    0.79   -1.25    0.83   -1.01    0.36   -0.45    0.47   -0.56
2024 05 12 16 54 00     2.68   -2.72    1.70   -1.36    0.98   -1.36    0.92   -0.95    0.36   -0.31    0.56   -0.64
2024 05 12 16 56 00     2.91   -2.78    1.89   -1.49    1.02   -1.29    1.03   -1.09    0.41   -0.42    0.63   -0.67
2024 05 12 16 58 00     2.77   -2.69    1.89   -1.46    0.87   -1.23    1.08   -1.03    0.49   -0.37    0.58   -0.65
2024 05 12 17 00 00     2.84   -2.79    1.82   -1.40    1.02   -1.38    1.08   -1.09    0.52   -0.51    0.56   -0.58
2024 05 12 17 02 00     2.84   -2.67    1.89   -1.55    0.95   -1.12    1.13   -1.10    0.58   -0.43    0.54   -0.67
2024 05 12 17 04 00     2.77   -2.91    1.92   -1.73    0.85   -1.18    1.05   -1.08    0.55   -0.39    0.50   -0.70
2024 05 12 17 06 00     2.85   -3.02    1.95   -1.67    0.90   -1.34    0.92   -0.98    0.53   -0.38    0.39   -0.59
2024 05 12 17 08 00     3.02   -2.89    2.05   -1.61    0.97   -1.28    0.78   -1.15    0.46   -0.35    0.31   -0.80
2024 05 12 17 10 00     2.85   -2.75    1.97   -1.49    0.88   -1.27    0.80   -0.88    0.43   -0.30    0.36   -0.58
2024 05 12 17 12 00     2.93   -2.87    2.03   -1.60    0.90   -1.27    0.91   -0.86    0.48   -0.34    0.43   -0.53
2024 05 12 17 14 00     3.06   -2.95    2.05   -1.68    1.01   -1.27    0.91   -0.89    0.52   -0.37    0.39   -0.52
2024 05 12 17 16 00     3.19   -3.08    2.22   -1.84    0.97   -1.25    0.96   -1.00    0.54   -0.44    0.42   -0.57
2024 05 12 17 18 00     3.21   -3.13    2.25   -1.82    0.96   -1.31    1.09   -0.97    0.68   -0.50    0.41   -0.47
2024 05 12 17 20 00     3.29   -3.03    2.21   -1.68    1.07   -1.35    1.12   -1.02    0.67   -0.49    0.45   -0.54
2024 05 12 17 22 00     3.27   -3.10    2.25   -1.86    1.02   -1.24    1.03   -0.96    0.63   -0.47    0.40   -0.49
2024 05 12 17 24 00     3.07   -3.09    2.11   -1.78    0.95   -1.30    0.89   -0.80    0.54   -0.41    0.36   -0.40
2024 05 12 17 26 00     3.48   -3.53    2.37   -2.06    1.11   -1.47    0.93   -1.08    0.54   -0.45    0.39   -0.64
2024 05 12 17 28 00     3.12   -3.24    2.15   -1.86    0.96   -1.38    0.81   -0.86    0.54   -0.35    0.28   -0.51
2024 05 12 17 30 00     3.22   -3.49    2.23   -2.04    0.99   -1.45    1.14   -1.01    0.59   -0.47    0.54   -0.55
2024 05 12 17 32 00     2.92   -3.00    2.12   -1.80    0.81   -1.19    1.03   -0.92    0.62   -0.50    0.41   -0.42
2024 05 12 17 34 00     2.75   -2.86    1.95   -1.65    0.80   -1.21    1.38   -1.21    0.76   -0.66    0.62   -0.55
2024 05 12 17 36 00     3.30   -3.49    2.31   -2.21    0.98   -1.28    1.46   -1.41    0.82   -0.78    0.63   -0.62
2024 05 12 17 38 00     3.35   -3.53    2.38   -2.26    0.97   -1.27    1.46   -1.26    0.86   -0.86    0.60   -0.40
2024 05 12 17 40 00     3.12   -3.42    2.41   -2.28    0.71   -1.15    1.30   -1.25    0.86   -0.91    0.44   -0.33
2024 05 12 17 42 00     3.16   -3.40    2.48   -2.25    0.68   -1.15    1.13   -1.41    0.78   -0.92    0.35   -0.49
2024 05 12 17 44 00     3.18   -3.44    2.64   -2.43    0.54   -1.01    1.15   -1.43    0.75   -0.97    0.40   -0.46
2024 05 12 17 46 00     3.45   -3.76    2.82   -2.70    0.64   -1.05    0.92   -1.30    0.66   -0.93    0.26   -0.37
2024 05 12 17 48 00     3.34   -3.67    2.61   -2.49    0.73   -1.18    0.98   -1.33    0.64   -0.97    0.34   -0.36
2024 05 12 17 50 00     3.57   -3.77    2.73   -2.68    0.85   -1.09    1.19   -1.37    0.81   -0.98    0.37   -0.39
2024 05 12 17 52 00     3.49   -3.70    2.56   -2.44    0.93   -1.26    1.19   -1.44    0.75   -1.05    0.44   -0.38
2024 05 12 17 54 00     3.60   -3.66    2.66   -2.31    0.94   -1.35    1.29   -1.44    0.77   -1.08    0.52   -0.35
2024 05 12 17 56 00     3.26   -3.16    2.36   -2.07    0.90   -1.09    1.54   -1.60    1.01   -1.20    0.54   -0.40
2024 05 12 17 58 00     3.32   -3.21    2.33   -2.13    0.99   -1.08    1.67   -1.72    1.08   -1.21    0.58   -0.50
2024 05 12 18 00 00     3.38   -3.45    2.53   -2.32    0.85   -1.13    1.50   -1.69    1.01   -1.30    0.48   -0.39
2024 05 12 18 02 00     3.55   -3.61    2.70   -2.59    0.85   -1.02    1.57   -1.68    0.98   -1.22    0.59   -0.45
2024 05 12 18 04 00     3.65   -3.63    2.78   -2.57    0.87   -1.05    1.59   -1.49    1.05   -1.20    0.54   -0.29
2024 05 12 18 06 00     3.72   -3.81    2.93   -2.70    0.79   -1.11    1.43   -1.44    0.89   -1.12    0.55   -0.32
2024 05 12 18 08 00     3.82   -4.08    2.98   -2.93    0.84   -1.15    1.54   -1.48    0.91   -1.08    0.63   -0.40
2024 05 12 18 10 00     3.67   -3.83    2.79   -2.64    0.88   -1.20    1.59   -1.53    0.91   -1.01    0.68   -0.51
2024 05 12 18 12 00     3.53   -3.83    2.72   -2.62    0.81   -1.21    1.74   -1.58    1.00   -1.09    0.75   -0.50
2024 05 12 18 14 00     3.72   -3.81    2.80   -2.64    0.92   -1.17    1.64   -1.62    0.88   -1.03    0.76   -0.59
2024 05 12 18 16 00     3.76   -3.77    2.74   -2.55    1.02   -1.22    1.45   -1.42    0.74   -0.87    0.71   -0.55
2024 05 12 18 18 00     3.71   -3.74    2.65   -2.44    1.06   -1.30    1.42   -1.49    0.69   -0.90    0.74   -0.59
2024 05 12 18 20 00     3.72   -3.69    2.64   -2.31    1.08   -1.38    1.29   -1.50    0.70   -0.91    0.59   -0.58
2024 05 12 18 22 00     3.77   -3.78    2.64   -2.33    1.13   -1.45    1.15   -1.18    0.67   -0.84    0.48   -0.34
2024 05 12 18 24 00     3.94   -3.82    2.71   -2.43    1.23   -1.39    1.32   -1.48    0.81   -1.08    0.51   -0.39
2024 05 12 18 26 00     3.83   -3.73    2.65   -2.43    1.18   -1.30    1.48   -1.33    0.96   -1.04    0.52   -0.29
2024 05 12 18 28 00     4.04   -4.07    2.83   -2.74    1.20   -1.34    1.31   -1.17    0.88   -0.96    0.43   -0.20
2024 05 12 18 30 00     3.74   -3.73    2.68   -2.49    1.06   -1.24    1.49   -1.39    0.93   -1.00    0.56   -0.40
2024 05 12 18 32 00     4.18   -4.05    2.93   -2.67    1.25   -1.38    1.19   -1.24    0.80   -0.92    0.39   -0.32
2024 05 12 18 34 00     4.21   -4.14    2.74   -2.64    1.47   -1.49    1.10   -1.18    0.71   -0.77    0.39   -0.41
2024 05 12 18 36 00     4.44   -4.34    2.88   -2.81    1.56   -1.53    1.12   -1.00    0.82   -0.79    0.30   -0.21
2024 05 12 18 38 00     4.33   -4.49    3.10   -3.20    1.23   -1.30    1.21   -1.02    0.78   -0.69    0.44   -0.33
2024 05 12 18 40 00     4.21   -4.43    2.91   -3.11    1.31   -1.32    1.30   -1.10    0.86   -0.82    0.44   -0.28
2024 05 12 18 42 00     4.13   -4.21    3.02   -2.96    1.11   -1.25    1.41   -1.26    0.94   -0.84    0.47   -0.42
2024 05 12 18 44 00     3.89   -4.22    2.90   -3.01    0.99   -1.20    1.35   -1.08    0.97   -0.81    0.37   -0.28
2024 05 12 18 46 00     3.89   -4.08    2.95   -2.92    0.94   -1.16    1.34   -1.09    0.98   -0.85    0.36   -0.24
2024 05 12 18 48 00     3.65   -3.81    2.79   -2.72    0.86   -1.10    1.31   -1.15    1.02   -0.87    0.30   -0.28
2024 05 12 18 50 00     3.69   -3.86    2.90   -2.79    0.79   -1.07    1.53   -1.27    1.04   -0.93    0.50   -0.34
2024 05 12 18 52 00     3.57   -3.86    2.65   -2.78    0.92   -1.09    1.55   -1.25    1.06   -0.99    0.49   -0.26
2024 05 12 18 54 00     3.76   -4.13    2.90   -2.98    0.86   -1.16    1.74   -1.44    1.15   -1.07    0.60   -0.37
2024 05 12 18 56 00     3.99   -3.93    3.01   -2.82    0.99   -1.11    1.64   -1.30    1.02   -1.00    0.62   -0.30
2024 05 12 18 58 00     3.91   -3.89    2.92   -2.84    0.99   -1.05    1.65   -1.44    1.14   -1.13    0.51   -0.31
2024 05 12 19 00 00     3.94   -4.02    2.96   -2.89    0.98   -1.13    1.69   -1.48    1.02   -1.03    0.67   -0.45
2024 05 12 19 02 00     4.02   -4.00    2.95   -2.93    1.06   -1.07    1.69   -1.45    1.01   -0.99    0.68   -0.46
2024 05 12 19 04 00     3.91   -3.71    2.90   -2.71    1.01   -1.00    2.00   -1.84    1.21   -1.23    0.79   -0.61
2024 05 12 19 06 00     3.79   -3.88    2.70   -2.75    1.09   -1.13    2.02   -1.77    1.24   -1.23    0.77   -0.55
2024 05 12 19 08 00     4.09   -4.00    2.87   -2.77    1.22   -1.23    1.95   -1.82    1.19   -1.27    0.77   -0.55
2024 05 12 19 10 00     4.19   -4.31    3.23   -3.23    0.96   -1.09    2.24   -1.96    1.33   -1.31    0.91   -0.64
2024 05 12 19 12 00     4.79   -4.92    3.54   -3.52    1.25   -1.40    2.40   -2.38    1.34   -1.52    1.06   -0.86
2024 05 12 19 14 00     4.85   -4.79    3.60   -3.52    1.25   -1.27    2.34   -2.33    1.15   -1.41    1.19   -0.92
2024 05 12 19 16 00     5.28   -5.22    4.00   -3.91    1.28   -1.31    2.35   -2.32    1.19   -1.29    1.16   -1.02
2024 05 12 19 18 00     5.67   -5.38    4.25   -3.96    1.42   -1.42    2.28   -2.31    1.06   -1.21    1.21   -1.10
2024 05 12 19 20 00     5.75   -5.88    3.94   -3.87    1.81   -2.01    2.28   -2.32    1.10   -1.17    1.19   -1.15
2024 05 12 19 22 00     5.53   -5.79    3.72   -3.72    1.81   -2.07    2.08   -2.05    1.07   -1.12    1.02   -0.93
2024 05 12 19 24 00     5.03   -5.30    3.53   -3.59    1.50   -1.71    2.04   -2.07    1.11   -1.24    0.93   -0.83
2024 05 12 19 26 00     4.83   -5.05    3.33   -3.28    1.50   -1.77    1.99   -2.07    1.18   -1.27    0.82   -0.80
2024 05 12 19 28 00     5.43   -5.34    3.79   -3.49    1.64   -1.85    1.98   -2.23    1.20   -1.37    0.78   -0.86
2024 05 12 19 30 00     5.08   -5.16    3.54   -3.48    1.53   -1.68    1.93   -2.07    1.15   -1.26    0.78   -0.82
2024 05 12 19 32 00     4.73   -4.54    3.10   -3.04    1.63   -1.50    2.16   -2.20    1.04   -1.13    1.12   -1.07
2024 05 12 19 34 00     4.72   -4.47    3.11   -3.13    1.61   -1.34    2.18   -2.22    0.94   -0.99    1.23   -1.23
2024 05 12 19 36 00     4.40   -4.31    3.07   -3.17    1.34   -1.14    2.09   -2.04    0.83   -0.99    1.26   -1.05
2024 05 12 19 38 00     4.51   -4.23    3.01   -3.02    1.50   -1.21    1.96   -2.01    0.84   -0.92    1.13   -1.08
2024 05 12 19 40 00     4.69   -4.54    3.11   -3.10    1.58   -1.44    2.31   -2.26    1.03   -1.04    1.28   -1.22
2024 05 12 19 42 00     4.95   -4.75    3.29   -3.20    1.67   -1.55    1.99   -2.01    0.96   -0.98    1.04   -1.03
2024 05 12 19 44 00     5.07   -5.08    3.46   -3.46    1.61   -1.62    2.03   -1.94    1.07   -1.06    0.96   -0.88
2024 05 12 19 46 00     4.80   -4.93    3.20   -3.19    1.60   -1.74    2.24   -2.11    1.22   -1.13    1.02   -0.99
2024 05 12 19 48 00     4.82   -4.97    3.22   -3.26    1.59   -1.71    2.24   -2.03    1.18   -1.06    1.06   -0.97
2024 05 12 19 50 00     4.82   -4.98    3.32   -3.38    1.50   -1.59    2.01   -1.75    1.28   -1.01    0.74   -0.73
2024 05 12 19 52 00     4.68   -4.82    3.30   -3.38    1.38   -1.44    2.24   -1.94    1.48   -1.23    0.76   -0.71
2024 05 12 19 54 00     4.98   -5.08    3.52   -3.59    1.46   -1.49    2.32   -1.98    1.47   -1.25    0.85   -0.72
2024 05 12 19 56 00     5.42   -5.36    3.89   -3.82    1.53   -1.54    2.40   -2.16    1.41   -1.26    0.99   -0.90
2024 05 12 19 58 00     5.20   -5.23    3.85   -3.75    1.35   -1.48    2.61   -2.43    1.35   -1.32    1.26   -1.12
2024 05 12 20 00 00     5.31   -5.41    3.96   -4.02    1.36   -1.39    2.59   -2.54    1.18   -1.18    1.41   -1.37
2024 05 12 20 02 00     5.35   -5.39    3.73   -3.86    1.63   -1.53    2.56   -2.47    1.30   -1.36    1.26   -1.11
2024 05 12 20 04 00     5.25   -5.24    3.45   -3.56    1.79   -1.67    2.54   -2.68    1.19   -1.49    1.35   -1.19
2024 05 12 20 06 00     5.28   -5.15    3.30   -3.20    1.99   -1.95    2.62   -2.63    1.20   -1.43    1.42   -1.20
2024 05 12 20 08 00     5.45   -5.28    3.26   -3.15    2.19   -2.13    2.67   -2.57    1.35   -1.48    1.32   -1.09
2024 05 12 20 10 00     5.83   -5.83    3.59   -3.52    2.24   -2.31    2.75   -2.63    1.31   -1.37    1.44   -1.26
2024 05 12 20 12 00     5.98   -6.05    3.69   -3.68    2.29   -2.37    3.07   -3.07    1.48   -1.66    1.59   -1.40
2024 05 12 20 14 00     5.95   -6.07    3.79   -3.79    2.16   -2.28    3.33   -3.46    1.60   -1.78    1.74   -1.68
2024 05 12 20 16 00     6.57   -6.70    4.14   -4.09    2.43   -2.62    3.69   -3.67    1.99   -2.06    1.70   -1.62
2024 05 12 20 18 00     6.30   -6.53    4.10   -4.12    2.20   -2.41    3.72   -3.62    1.97   -2.13    1.75   -1.50
2024 05 12 20 20 00     6.16   -6.17    4.04   -4.10    2.12   -2.08    3.64   -3.72    1.85   -2.00    1.80   -1.72
2024 05 12 20 22 00     6.22   -6.12    3.98   -3.96    2.23   -2.16    3.76   -3.84    2.03   -2.28    1.73   -1.56
2024 05 12 20 24 00     6.51   -6.44    3.72   -3.67    2.79   -2.77    3.64   -3.83    1.91   -2.24    1.72   -1.59
2024 05 12 20 26 00     6.65   -6.75    3.86   -3.79    2.79   -2.96    3.65   -3.76    1.84   -2.16    1.81   -1.60
2024 05 12 20 28 00     6.94   -7.02    3.95   -3.90    2.99   -3.12    3.66   -3.78    1.97   -2.34    1.69   -1.44
2024 05 12 20 30 00     6.82   -6.93    4.02   -3.82    2.80   -3.11    3.53   -3.77    2.06   -2.35    1.47   -1.42
2024 05 12 20 32 00     7.43   -7.54    4.41   -4.39    3.01   -3.15    3.53   -3.52    2.09   -2.17    1.44   -1.35
2024 05 12 20 34 00     7.92   -7.80    4.99   -4.78    2.92   -3.02    3.61   -3.65    2.20   -2.20    1.41   -1.44
2024 05 12 20 36 00     7.85   -7.81    5.09   -4.87    2.76   -2.94    3.57   -3.70    1.92   -2.08    1.65   -1.62
2024 05 12 20 38 00     8.34   -8.50    5.37   -5.20    2.97   -3.30    4.28   -4.36    2.11   -2.14    2.17   -2.23
2024 05 12 20 40 00     8.21   -8.49    5.28   -5.08    2.93   -3.41    4.36   -4.37    2.15   -2.24    2.21   -2.14
2024 05 12 20 42 00     8.40   -8.38    5.14   -4.67    3.26   -3.71    4.36   -4.57    2.34   -2.46    2.02   -2.10
2024 05 12 20 44 00     8.02   -8.16    4.99   -4.67    3.02   -3.49    4.58   -4.54    2.36   -2.53    2.22   -2.01
2024 05 12 20 46 00     8.35   -8.32    5.24   -4.68    3.10   -3.64    4.65   -4.68    2.35   -2.62    2.30   -2.06
2024 05 12 20 48 00     8.92   -8.91    5.61   -5.19    3.31   -3.71    4.30   -4.62    2.10   -2.49    2.20   -2.13
2024 05 12 20 50 00     9.28   -9.39    5.62   -5.22    3.66   -4.17    4.59   -4.74    2.29   -2.51    2.29   -2.24
2024 05 12 20 52 00     9.09   -9.03    5.22   -4.76    3.87   -4.27    4.91   -5.16    2.20   -2.49    2.71   -2.67
2024 05 12 20 54 00     9.20   -9.17    5.03   -4.62    4.17   -4.55    5.85   -6.06    2.58   -2.88    3.28   -3.18
2024 05 12 20 56 00     8.98   -8.89    4.86   -4.60    4.13   -4.29    5.75   -6.04    2.80   -3.10    2.95   -2.95
2024 05 12 20 58 00     8.50   -8.51    4.57   -4.26    3.93   -4.25    5.78   -6.01    2.69   -3.11    3.08   -2.90
2024 05 12 21 00 00     9.37   -9.48    4.87   -4.62    4.51   -4.85    5.82   -6.06    2.52   -3.04    3.30   -3.02
2024 05 12 21 02 00     8.66   -8.72    4.81   -4.32    3.86   -4.39    5.71   -5.96    2.50   -3.01    3.21   -2.96
2024 05 12 21 04 00     8.72   -8.88    4.94   -4.52    3.78   -4.36    5.82   -6.14    2.64   -3.19    3.19   -2.95
2024 05 12 21 06 00     8.72   -8.79    4.88   -4.45    3.84   -4.34    5.34   -5.74    2.51   -2.97    2.83   -2.77
2024 05 12 21 08 00     9.21   -9.22    5.26   -4.82    3.94   -4.40    5.29   -5.88    2.56   -2.99    2.74   -2.89
2024 05 12 21 10 00     8.70   -8.48    5.11   -4.60    3.60   -3.88    6.13   -6.81    3.04   -3.63    3.08   -3.19
2024 05 12 21 12 00     9.58   -9.38    5.67   -5.21    3.91   -4.17    6.50   -7.25    3.50   -4.14    3.00   -3.11
2024 05 12 21 14 00     9.70   -9.53    5.68   -5.25    4.02   -4.28    6.77   -7.32    3.52   -4.22    3.25   -3.10
2024 05 12 21 16 00     9.11   -9.16    5.54   -5.27    3.56   -3.89    7.25   -7.76    3.73   -4.50    3.52   -3.26
2024 05 12 21 18 00     8.74   -8.86    5.16   -5.28    3.58   -3.58    7.24   -7.79    3.79   -4.62    3.46   -3.17
2024 05 12 21 20 00     9.13   -9.00    5.75   -5.58    3.38   -3.42    6.56   -7.00    3.39   -4.18    3.16   -2.82
2024 05 12 21 22 00     9.73   -9.58    6.07   -6.10    3.66   -3.48    6.23   -6.74    3.19   -3.98    3.04   -2.76
2024 05 12 21 24 00     9.36   -9.45    6.06   -6.29    3.29   -3.16    5.79   -6.21    2.95   -3.62    2.84   -2.59
2024 05 12 21 26 00     9.17   -9.26    5.92   -6.15    3.25   -3.11    5.55   -5.72    2.53   -3.34    3.02   -2.38
2024 05 12 21 28 00     8.99   -8.91    5.68   -5.87    3.32   -3.04    5.58   -5.99    2.54   -3.53    3.04   -2.46
2024 05 12 21 30 00     8.48   -8.30    5.44   -5.57    3.04   -2.73    6.04   -6.47    3.18   -4.12    2.86   -2.36
2024 05 12 21 32 00     8.17   -7.95    4.97   -5.27    3.20   -2.68    5.90   -6.41    2.99   -4.11    2.91   -2.31
2024 05 12 21 34 00     9.14   -8.90    5.68   -5.83    3.46   -3.07    6.06   -6.57    3.22   -4.25    2.84   -2.32
2024 05 12 21 36 00     9.08   -8.76    5.48   -5.52    3.60   -3.24    5.57   -6.21    2.80   -4.08    2.77   -2.13
2024 05 12 21 38 00     8.85   -8.75    5.51   -5.70    3.33   -3.05    5.96   -6.61    2.99   -4.30    2.97   -2.31
2024 05 12 21 40 00     8.47   -8.54    5.24   -5.56    3.23   -2.98    7.52   -8.21    4.22   -5.61    3.30   -2.60
2024 05 12 21 42 00     9.13   -8.75    5.25   -5.32    3.87   -3.43    7.10   -7.94    4.06   -5.40    3.05   -2.53
2024 05 12 21 44 00    10.08   -9.79    5.97   -6.25    4.10   -3.53    7.16   -8.02    4.21   -5.57    2.95   -2.45
2024 05 12 21 46 00     9.81   -9.49    5.81   -6.21    4.00   -3.28    7.60   -8.32    4.44   -5.80    3.15   -2.52
2024 05 12 21 48 00    11.18  -10.67    6.80   -6.92    4.37   -3.76    7.45   -8.13    4.15   -5.61    3.30   -2.52
2024 05 12 21 50 00    10.53  -10.23    6.59   -6.79    3.94   -3.44    7.00   -7.58    4.08   -5.49    2.91   -2.09
2024 05 12 21 52 00     9.73   -9.77    6.40   -6.80    3.34   -2.98    7.35   -7.69    4.08   -5.37    3.27   -2.32
2024 05 12 21 54 00     9.20   -9.27    5.89   -6.18    3.31   -3.09    7.12   -7.57    3.79   -5.12    3.33   -2.44
2024 05 12 21 56 00     9.80   -9.75    6.16   -6.52    3.64   -3.23    7.27   -7.69    4.03   -5.53    3.25   -2.16
2024 05 12 21 58 00     9.64   -9.48    6.05   -6.46    3.60   -3.01    7.52   -7.91    3.95   -5.47    3.57   -2.44
2024 05 12 22 00 00     9.62   -9.45    6.01   -6.66    3.60   -2.79    7.16   -7.40    3.67   -5.03    3.49   -2.37
2024 05 12 22 02 00    11.14  -10.66    7.19   -7.26    3.95   -3.39    7.98   -8.40    3.90   -5.49    4.07   -2.91
2024 05 12 22 04 00    11.01  -10.62    7.09   -7.10    3.92   -3.52    7.79   -8.27    3.44   -5.17    4.35   -3.11
2024 05 12 22 06 00    12.85  -12.94    7.89   -8.21    4.95   -4.74    8.26   -9.13    3.98   -6.07    4.28   -3.06
2024 05 12 22 08 00    12.62  -12.55    7.76   -8.07    4.86   -4.47    8.43   -9.04    3.85   -5.57    4.58   -3.47
2024 05 12 22 10 00    12.78  -12.73    7.95   -8.47    4.83   -4.26    8.17   -8.80    4.19   -5.94    3.98   -2.86
2024 05 12 22 12 00    12.17  -12.32    7.53   -8.13    4.64   -4.19    8.06   -8.47    4.12   -5.72    3.93   -2.75
2024 05 12 22 14 00    11.14  -11.26    6.70   -7.31    4.44   -3.95    8.39   -8.66    4.49   -5.76    3.90   -2.91
2024 05 12 22 16 00    11.24  -11.55    6.99   -7.33    4.25   -4.22    8.84   -9.23    4.73   -6.16    4.12   -3.07
2024 05 12 22 18 00    11.59  -11.89    7.14   -7.69    4.45   -4.20    7.48   -7.94    3.72   -5.29    3.76   -2.65
2024 05 12 22 20 00    11.19  -11.30    6.85   -7.00    4.34   -4.30    7.80   -8.04    3.72   -5.32    4.08   -2.72
2024 05 12 22 22 00    11.55  -11.24    6.62   -6.63    4.93   -4.61    7.23   -7.64    3.20   -4.80    4.03   -2.83
2024 05 12 22 24 00    11.15  -10.97    6.30   -6.62    4.85   -4.35    7.61   -8.04    3.59   -5.25    4.02   -2.79
2024 05 12 22 26 00    10.37  -10.46    5.68   -6.38    4.69   -4.08    6.55   -7.02    2.36   -4.04    4.19   -2.97
2024 05 12 22 28 00    10.74  -10.79    5.69   -6.52    5.05   -4.27    6.51   -7.14    2.24   -4.01    4.26   -3.14
2024 05 12 22 30 00    10.97  -10.94    5.65   -6.83    5.32   -4.11    6.42   -6.81    2.01   -3.52    4.42   -3.29
2024 05 12 22 32 00    10.03  -10.27    4.86   -6.21    5.17   -4.06    6.49   -6.84    2.10   -3.39    4.38   -3.46
2024 05 12 22 34 00     9.74   -9.70    4.40   -5.34    5.35   -4.36    6.35   -6.10    2.06   -2.72    4.29   -3.37
2024 05 12 22 36 00    10.58  -10.39    4.77   -5.69    5.81   -4.70    7.00   -6.85    2.32   -3.17    4.68   -3.68
2024 05 12 22 38 00    10.34  -10.40    4.51   -5.52    5.84   -4.87    6.79   -6.68    2.37   -3.06    4.42   -3.62
2024 05 12 22 40 00    10.33  -10.13    4.67   -5.59    5.66   -4.54    6.91   -6.54    2.46   -3.09    4.45   -3.45
2024 05 12 22 42 00    11.08  -10.79    5.30   -6.21    5.78   -4.59    6.42   -6.56    2.36   -3.10    4.06   -3.46
2024 05 12 22 44 00    10.29  -10.32    4.86   -5.84    5.43   -4.48    6.29   -6.49    2.60   -3.17    3.69   -3.33
2024 05 12 22 46 00    10.08  -10.14    5.11   -6.11    4.96   -4.03    6.27   -6.46    2.55   -3.05    3.72   -3.41
2024 05 12 22 48 00     9.82   -9.90    4.68   -5.98    5.14   -3.91    5.92   -6.08    2.36   -2.82    3.55   -3.25
2024 05 12 22 50 00     9.39   -9.50    4.50   -5.65    4.89   -3.85    5.55   -5.49    2.04   -2.16    3.51   -3.33
2024 05 12 22 52 00    10.12   -9.97    5.60   -6.28    4.52   -3.69    5.31   -5.48    1.93   -1.99    3.38   -3.49
2024 05 12 22 54 00     9.78   -9.99    5.18   -6.19    4.60   -3.80    5.23   -5.22    2.02   -1.93    3.21   -3.30
2024 05 12 22 56 00     9.83   -9.72    5.47   -6.19    4.36   -3.53    5.65   -5.47    2.25   -2.08    3.39   -3.39
2024 05 12 22 58 00     9.71   -9.55    5.39   -6.11    4.32   -3.44    5.60   -5.36    2.29   -2.16    3.31   -3.20
2024 05 12 23 00 00     8.70   -8.31    4.48   -5.10    4.22   -3.21    5.44   -5.45    2.10   -2.15    3.35   -3.29
2024 05 12 23 02 00     8.08   -7.87    4.07   -4.82    4.01   -3.05    5.47   -5.35    2.19   -2.02    3.28   -3.33
2024 05 12 23 04 00     7.91   -7.78    4.10   -4.68    3.81   -3.10    5.28   -5.24    2.16   -1.95    3.12   -3.29
2024 05 12 23 06 00     7.67   -7.43    4.16   -4.86    3.51   -2.57    4.79   -4.88    2.00   -1.84    2.79   -3.04
2024 05 12 23 08 00     7.81   -7.63    4.12   -4.75    3.68   -2.88    4.81   -5.03    1.85   -1.90    2.96   -3.14
2024 05 12 23 10 00     7.57   -7.59    3.73   -4.52    3.84   -3.07    5.36   -5.47    2.21   -2.37    3.15   -3.10
2024 05 12 23 12 00     8.40   -8.28    4.14   -4.85    4.26   -3.43    5.40   -5.58    2.10   -2.30    3.30   -3.28
2024 05 12 23 14 00     9.15   -8.97    4.67   -5.22    4.48   -3.75    5.13   -5.56    2.02   -2.32    3.11   -3.24
2024 05 12 23 16 00     8.59   -8.28    4.33   -4.58    4.25   -3.70    5.09   -5.21    2.07   -2.26    3.02   -2.96
2024 05 12 23 18 00     7.79   -7.45    3.97   -4.25    3.82   -3.19    5.31   -5.61    2.14   -2.29    3.17   -3.33
2024 05 12 23 20 00     7.78   -7.61    3.88   -4.18    3.90   -3.42    5.21   -5.29    2.16   -2.23    3.05   -3.06
2024 05 12 23 22 00     7.07   -7.09    3.34   -3.79    3.73   -3.30    4.84   -5.02    1.96   -2.15    2.88   -2.86
2024 05 12 23 24 00     6.99   -6.94    3.65   -3.93    3.34   -3.00    5.03   -5.16    2.08   -2.29    2.96   -2.86
2024 05 12 23 26 00     7.35   -7.33    4.12   -4.36    3.23   -2.96    5.03   -5.14    2.14   -2.28    2.89   -2.86
2024 05 12 23 28 00     6.97   -6.97    3.81   -4.05    3.16   -2.92    4.98   -5.13    2.15   -2.30    2.83   -2.83
2024 05 12 23 30 00     6.82   -6.83    3.63   -3.87    3.20   -2.96    4.97   -5.17    2.18   -2.29    2.79   -2.88
2024 05 12 23 32 00     6.25   -6.11    3.45   -3.68    2.80   -2.44    4.68   -4.87    1.79   -1.96    2.89   -2.91
2024 05 12 23 34 00     6.67   -6.63    3.66   -3.94    3.01   -2.69    5.07   -5.17    2.09   -2.15    2.98   -3.02
2024 05 12 23 36 00     6.55   -6.39    3.73   -3.92    2.82   -2.47    5.06   -5.36    2.16   -2.26    2.90   -3.11
2024 05 12 23 38 00     6.95   -6.56    3.86   -4.12    3.09   -2.44    4.73   -5.04    1.90   -1.98    2.82   -3.06
2024 05 12 23 40 00     6.63   -6.21    3.87   -4.09    2.77   -2.12    5.23   -5.28    2.19   -2.26    3.04   -3.03
2024 05 12 23 42 00     6.35   -5.85    3.89   -4.00    2.46   -1.86    5.00   -4.93    2.18   -2.16    2.82   -2.77
2024 05 12 23 44 00     5.74   -5.40    3.22   -3.41    2.52   -1.99    4.93   -4.98    2.11   -2.13    2.82   -2.86
2024 05 12 23 46 00     5.60   -5.32    3.08   -3.45    2.52   -1.87    4.60   -4.46    1.97   -1.97    2.63   -2.49
2024 05 12 23 48 00     5.40   -5.20    3.02   -3.41    2.38   -1.78    3.54   -3.57    1.03   -1.27    2.51   -2.30
2024 05 12 23 50 00     5.02   -4.77    2.74   -3.06    2.28   -1.71    3.30   -3.39    0.97   -1.31    2.33   -2.08
2024 05 12 23 52 00     5.65   -5.60    3.23   -3.52    2.42   -2.08    3.23   -3.42    0.92   -1.15    2.31   -2.27
2024 05 12 23 54 00     5.75   -5.90    3.23   -3.58    2.52   -2.32 9999.00 9999.00 9999.00 9999.00 9999.00 9999.00
2024 05 12 23 56 00     5.42   -5.73    3.03   -3.41    2.39   -2.33 9999.00 9999.00 9999.00 9999.00 9999.00 9999.00
